12980358
128155263
130718914
139409213
231129689
239115820
256898758
257329993
282446872
287379320
289300881
365590124
391218005
466411838
490555853
499946445
509756391
559334432
580390972
612079557
620167225
687358172
688297684
707589448
720408654
731246244
749927970
753338332
792789305
793146958
808778358
919810415
919840861
921700220
999084722
1010221665
1013470116
1036112583
1038119870
1152341064
1166385996
1175665642
1177681749
1282015938
1366105130
1378328835
1404565726
1551631454
1637899351
1662701878
1686968825
1688499688
1691447357
1746120336
1763730710
1772414849
1779365081
1790759185
1804549170
1812155681
1888007839
1946982186
1949877717
1950800601
1952108736
1967881341
2051809125
2120068151
2130541672
2141983865
2164545630
2180546711
2187119615
2192566628
2196076767
2232953569
2235764839
2265124806
2337627381
2344279880
2345144125
2423976626
2439680215
2460595820
2524373170
2533437720
2563605093
2595678220
2638610568
2657633317
2669331355
2683091079
2704997335
2718402339
2730499329
2767180952
2769622302
2795774491
2823703325
2824740083
2831224956
2865247216
2866568771
2876871261
2879229114
2880665133
2932970912
2953903544
2993045360
3005288466
3075731030
3076861227
3203432912
3236807337
3325156444
3337754604
3343387047
3343610652
3357905984
3381914067
3396685763
3506440917
3530363030
3567092202
3603869379
3631531426
3677614736
3749647254
3785082470
3873066718
3878135476
3881466525
3908425977
3924143416
4109482349
4130496062
4278453350
4310345461
4375952158
4387795756
4439370357
4449214306
4482504331
4571962781
4574997051
4652706758
4690058047
4721545307
4775308472
4791301667
4819513750
4857029613
4872961644
4903175343
4914797248
4968791749
5062139372
5119048666
5170008586
5207432005
5224203111
5264448349
5315128340
5374181565
5381894903
5406440319
5425595203
5439995981
5449088920
5496493776
5519449532
5598332741
5678533558
5698458476
5711066355
5763360111
5861097352
5866060714
5941991755
5975657206
5992191048
6034684264
6060599954
6154782664
6175910772
6179221406
6189121750
6196296986
6200632353
6204891271
6241438163
6245337201
6344530942
6358083263
6364390470
6420251740
6457429659
6497711383
6505225230
6527689800
6533886096
6613414102
6625884369
6653248029
6654939103
6665938157
6712533637
6723015605
6752036035
6823713097
6838773878
6866933780
6899128413
6963990806
6989457967
7049792779
7054864874
7177706624
7216559887
7230422607
7248056232
7341089415
7350704145
7377460265
7383523809
7395893475
7397166045
7448581318
7508010077
7508999673
7510054530
7564368388
7665389738
7674553250
7686189515
7765509984
7776119815
7819636974
7824439272
7824829177
7900015918
7976681059
7977145864
7983152290
7989801091
8071562142
8082291630
8099135411
8103912445
8121597713
8130746679
8163048883
8201132811
8264962159
8301773910
8322844438
8329561439
8359725623
8372979820
8404423949
8417419825
8420348663
8424351666
8466570112
8513243758
8527952292
8535421382
8557245579
8557926789
8599212421
8624448117
8644531137
8693885993
8696707825
8787086058
8802617620
8817919885
8878077623
8949430866
8949963111
8956839091
9003148501
9036815099
9110401226
9147197876
9149644464
9186201048
9202400329
9297038093
9297285877
9373409450
9395215241
9451186992
9471089056
9507902843
9512356351
9700633836
9717354670
9752071290
9756482251
9797741691
9840197604
9861992076
9864242786
9875480336
9881068173
9944253623
10001312714
10012326356
10029297334
10035625614
10036398438
10063332124
10108162114
10109488637
10126511038
10162142703
10173701486
10196615093
10253660584
10309206657
10316895413
10332900942
10370865706
10428399015
10502365668
10511506707
10549138793
10665652868
10697715641
10699987918
10759414703
10775609603
10833893878
10837864439
10840171856
10867700353
10989149322
11002328931
11014451045
11051183473
11063166629
11097686919
11139527143
11207043097
11211704250
11224059079
11282366229
11381858963
11420220934
11459447350
11529683885
11534553748
11545074745
11560100259
11574223234
11591618360
11593537521
11637489664
11670245220
11674814515
11741386115
11748471466
11786100055
11802484709
11861829481
12066259969
12086837725
12110597310
12116814970
12129285970
12130140212
12201528671
12335047791
12366108916
12374431783
12416828394
12464972909
12492193876
12573190521
12671011254
12693792532
12727094253
12746341208
12806069436
12854043347
12860722732
12917169671
12955949570
12984913314
13020070412
13050984280
13114907246
13166686706
13189085142
13210882639
13227946118
13280640533
13298801901
13314563286
13329329889
13333920671
13345596563
13413885862
13415943219
13486149195
13523755935
13543881829
13569327389
13572733802
13610764803
13627423355
13649587923
13658837866
13711114803
13730874073
13737883521
13783106584
13830232650
13831270217
13874465451
13895202944
13943764102
13990512777
13993381304
13996773785
14002264127
14025247904
14058718826
14103156068
14105168987
14119535092
14161929534
14212261497
14215870866
14412529480
14462269377
14470956154
14527585041
14595992427
14647582628
14720674693
14750930877
14781245827
14890445942
14970409677
14998681318
15003685441
15013084213
15020767720
15085803736
15099896783
15169396580
15225274270
15228224654
15235948237
15238514722
15274665690
15380980355
15392821058
15469027259
15517636914
15522620136
15590101176
15604495193
15629340459
15667229425
15680086437
15700933119
15701851893
15707147166
15797132002
15799832242
15835962502
15836511644
15845120274
15918296049
15927021949
15927877690
15960411410
16098532240
16101434669
16286039093
16319489137
16402220366
16429669141
16438013665
16576276603
16593269077
16601672170
16608433246
16624861996
16675377255
16719942759
16757828846
16777029314
16818465157
16873869687
16902314087
16906640388
16986625994
17006878368
17013529889
17045819298
17099884278
17111731236
17122439784
17172113023
17193445142
17203721153
17233993538
17253532840
17294131647
17371829297
17411137071
17413533203
17420917529
17479108854
17535734892
17539847043
17552377347
17568866754
17656397014
17672563661
17672816518
17683704545
17712153127
17716750585
17790144842
17809642283
17846630911
17854701861
17889437316
17928398793
17933194201
17948591016
17986763630
18015459520
18015564823
18032679577
18036896035
18051054310
18113492330
18118602765
18173128051
18179562143
18191422217
18243462136
18288545520
18323519308
18324377498
18427008062
18555903263
18569281585
18705334299
18730342933
18731900195
18768850254
18810320625
18820692031
18826198060
18830512151
18847781382
18857883397
18894249644
18899513848
18917787092
18922869957
18924548611
18985762650
19025549061
19166002440
19193578467
19194756605
19285905623
19373928847
19383472578
19399728616
19408123966
19439271232
19454186638
19460613699
19578525790
19605621601
19610837604
19612856972
19614246575
19644862286
19670344300
19686808664
19757752112
19771594392
19785125877
19817337417
19828308713
19901735195
19975745011
20006060401
20127630518
20180402423
20210302005
20231052380
20278369260
20281741646
20322821038
20332672747
20363743528
20381946378
20425136420
20435289275
20442251234
20453013561
20492612475
20510011622
20557364383
20595668140
20716069388
20723980964
20781861669
20910945185
20940258527
20950292735
20951483981
20974616782
20987198072
20999982611
21002671699
21011154433
21019136007
21031807445
21102257344
21147116659
21160128226
21200405206
21200768689
21208028019
21210860062
21412898578
21459085841
21477374082
21497470959
21534714847
21549587044
21572022495
21574618648
21581610256
21593991876
21598087727
21613337314
21761836034
21770493277
21802759851
21847056378
21851815457
21857033454
21913458836
21931024608
21989389614
22012836919
22045743495
22095998823
22115640456
22129899035
22271849874
22278659356
22336468921
22346846180
22362175995
22398381904
22449869797
22455229247
22498988797
22502240750
22507051135
22511561845
22575791231
22600819065
22718677044
22726276990
22840725666
22859086765
22970994717
22973740882
22992140761
23018195250
23025033567
23037120728
23043995690
23084903026
23091173684
23119659064
23199528733
23231902756
23260755770
23274676954
23285391977
23349868563
23356638456
23368243229
23373470166
23378476617
23383327075
23389964042
23428052229
23433108337
23451665905
23484250158
23491336710
23534654957
23584258028
23620286636
23620696560
23657485342
23660509276
23713374230
23742965152
23754765178
23809513003
23821885500
23834660888
23848802788
23854804769
23883106538
23884085027
23898782258
23907122944
23951354473
24024102582
24102338524
24126164449
24194461405
24208237924
24217386442
24327924206
24375371901
24376294494
24395624390
24400475146
24458271503
24467159631
24474026354
24477290525
24496504360
24513768714
24554517062
24563504849
24688194404
24693272789
24730035008
24813163127
24814737575
24824696520
24828099606
24841332748
24891972439
24896108946
24896257831
24964792598
24992239776
25011252644
25102921005
25144789398
25185010254
25233673876
25237416680
25262223947
25270968847
25296451423
25341277139
25370863096
25401589463
25426581961
25433329602
25486024759
25494395222
25508341428
25540959651
25556527462
25657447631
25670296056
25671263302
25724895713
25755372320
25813981253
25822134547
25863249593
25863836283
25885433760
25896804227
25924060997
25964453581
26023964341
26055394871
26071862659
26119446332
26125371538
26131473305
26172368253
26207092268
26226665800
26269219686
26449258629
26451859366
26528165062
26555629126
26580703417
26614372773
26629415988
26639591089
26648986467
26669227019
26723228219
26774274539
26797999331
26856244338
26874878878
26896204719
26917817910
26943151108
26964344789
26985446044
26993880066
27042937958
27057900359
27247550149
27295701224
27319350248
27322760240
27360035689
27380425062
27394628231
27415699590
27424221080
27433037577
27494079595
27509915519
27567490788
27650742838
27668681223
27687170865
27698171114
27716868316
27730344288
27733040092
27746526984
27780946066
27835096280
27857768830
27923914610
28016211274
28027354239
28045275810
28080533932
28093890170
28139542488
28189316191
28292308346
28312669938
28315645631
28316242415
28345811508
28368201162
28594353652
28596285034
28608677465
28657919968
28661466572
28663962453
28678897224
28681733139
28681992496
28712938233
28724428697
28770092737
28808458644
28874745660
28897618693
28953213170
29010229811
29019978569
29020218442
29035108645
29077354353
29087726119
29096450244
29104501800
29156389173
29204536836
29209790451
29231670788
29317786244
29320851280
29393292020
29415342115
29421130443
29430247236
29514329959
29549244962
29577457588
29582320596
29595161081
29598206388
29602424691
29642421982
29688544295
29727416894
29754372254
29769502093
29805627995
29805963265
29826411833
29877208156
29880844348
29911848127
29928560000
29931207065
29955116317
30067312946
30080202751
30119973583
30166098993
30184460094
30223313724
30225553796
30240806528
30249133343
30267809820
30269852354
30305922436
30361372998
30385625792
30590768068
30616707413
30639127859
30655394128
30708915806
30717825574
30750260579
30750888829
30770773559
30808248151
30821921681
30836254687
30841499843
30911986373
30925877783
30940099587
30943276297
30988310803
31031144427
31055032775
31057110603
31077083819
31098302712
31127557526
31152795318
31172598049
31190251882
31192546661
31232815902
31318194154
31341245990
31353385779
31370923542
31465319787
31515955309
31540904929
31551816414
31584168177
31606331600
31630502413
31637313761
31701420548
31703809254
31726539788
31752682247
31761357422
31775741031
31842769369
31886108407
31894348327
31941022106
31942372069
31961300758
31997403220
32004906030
32009437191
32014227840
32044223300
32079456995
32134014044
32134076614
32187027203
32209716348
32213556787
32223528950
32236819986
32279598077
32279819714
32338994202
32396870389
32398914890
32407953835
32446418154
32496784598
32601551782
32629107702
32655840073
32660609028
32672575581
32677926602
32727306619
32743272964
32792523587
32805903577
32825707180
32981064446
32996797466
32999771591
33010842963
33022818486
33048927406
33078771202
33091021958
33114193961
33146465708
33188000958
33208346728
33239591762
33294141319
33308331961
33326110071
33339946733
33356001859
33412630058
33437473660
33493390584
33533371294
33643119027
33714805331
33718027174
33729918112
33736688523
33771226762
33801941509
33822820112
33837102502
33873145679
33880224913
33918529902
33936101776
33978150756
33978666724
34000776153
34003887222
34018127146
34038914964
34102465918
34181189037
34192382797
34215007434
34234731797
34243277761
34296981600
34308433952
34313624740
34325209877
34362103666
34366331044
34481541102
34507753984
34564888102
34587992256
34594290584
34615477127
34684689102
34756843770
34759016889
34770729055
34788728420
34803534531
34828244517
34887967242
34891391279
34918725340
34930237129
34951323029
34952660489
34954747986
34976244154
35036878226
35095403571
35100511051
35102426191
35162972599
35201707671
35205559698
35222567958
35272312846
35281208988
35321989837
35345104729
35406063522
35442253899
35442266756
35446205580
35486582935
35499567699
35597011512
35602493858
35628984302
35699943462
35702750321
35709777262
35722097518
35776050156
35789330602
35804927956
35910987888
35944295723
36021934598
36057138945
36065645082
36069623187
36110202622
36195121670
36294502639
36362612636
36363923402
36376090919
36407711114
36408484697
36420768121
36496411138
36508555294
36509544166
36534749661
36607693739
36615108920
36696480991
36780207764
36793520925
36794621200
36848626155
36869090474
36895301841
36989036328
36997432268
37138188691
37142766462
37171634306
37203187913
37223158576
37259414884
37261995263
37268496286
37305276185
37314388044
37330770975
37401569898
37453089900
37472004527
37569537180
37698198594
37715162380
37741895436
37746299439
37867562734
37896012572
37922019724
37977590442
38005396623
38019629270
38096793478
38110732537
38129970909
38149768942
38184964607
38226555315
38240777860
38260949326
38295995981
38352209425
38452086354
38459376634
38470686378
38509632284
38527457813
38545515833
38546078654
38564960523
38670457822
38677969225
38704318674
38777868508
38803453333
38808940115
38834408033
38945396016
38949626921
38981678007
38986012438
39038547371
39116810507
39140338934
39162870297
39178271539
39184666584
39222843375
39239075504
39244468825
39288780659
39296262688
39333951602
39353370855
39377876319
39421704429
39436076556
39467117303
39489599592
39512034923
39534068469
39575750524
39591487852
39711006756
39723355543
39745213136
39764086482
39768999018
39777224856
39894649201
39937677028
39953069539
39958033424
39973067245
40017133359
40073479707
40080870422
40087637634
40087726353
40096177036
40149633312
40160428281
40228976871
40230582414
40255470066
40267954171
40272036555
40282115158
40285734943
40304776936
40368492853
40369587623
40440557382
40448822117
40485763161
40487856053
40493824753
40560454117
40600397722
40600571644
40605620946
40614319723
40624749213
40666079318
40669538029
40690964766
40693895183
40736574690
40741454457
40753891041
40757769327
40763477807
40766043743
40776501808
40807521250
40862906290
40867622843
40941091637
40953538399
40995032097
41005988125
41022981947
41136326680
41238034128
41248720779
41263424380
41283743013
41303161502
41315169303
41349137973
41357822728
41411114021
41419210181
41426892288
41451643183
41470977097
41568675538
41574305377
41610442502
41683766228
41698806000
41734768420
41747774123
41755125918
41841457318
41879573919
41886063616
41924144700
41940531637
41947466413
41972736498
41993590086
42029102615
42049139780
42053598236
42104159440
42113880025
42123252632
42199330381
42210094525
42221348262
42234490620
42251507282
42272335105
42272870520
42273370888
42284519383
42299911234
42302524205
42303841450
42311556571
42317819281
42336735821
42369528304
42382802220
42439356800
42458080503
42470934574
42558254070
42587002330
42591373098
42616143363
42627334390
42634423239
42652244450
42661426513
42701927486
42740799721
42767569131
42832060073
42859839652
42860187898
42911323284
42997735746
43061591601
43069623042
43129643506
43135012924
43146031339
43149771129
43206656836
43297407305
43334877269
43352831481
43365338008
43377312145
43383672701
43386758677
43460501913
43507834392
43545592072
43588660114
43612345926
43625683356
43648530357
43657648418
43661456372
43709714731
43727197189
43778733682
43786958478
43860460495
43872015389
43872676920
43923691613
43926960251
43945989148
43947996313
43960132994
43963877905
44002864806
44063067194
44112557706
44156822232
44302405627
44309625795
44359355146
44483978968
44541800853
44542299265
44550717579
44710373846
44737585349
44787569167
44809340523
44819367577
44836725211
44906698409
44929310096
44940111864
45068537493
45096199925
45128129187
45159286951
45165275679
45170425653
45252754902
45342042838
45453788703
45486915676
45524934694
45643714852
45645938407
45664733861
45678418560
45693438377
45708536932
45780650731
45813767857
45902192572
45914954750
45963834332
46006802818
46037296811
46043046918
46050604149
46061911874
46084066938
46100196716
46107698425
46139422664
46166208546
46172646131
46172964828
46175818012
46178032859
46185548211
46193295581
46224702528
46245659507
46262921980
46346217711
46471994342
46489612910
46577847369
46591763188
46635072089
46648458403
46665725377
46673991259
46708343435
46779022000
46796208294
46798943513
46800504948
46808805533
46825438122
46841747312
46855797287
46872296926
46881807323
46889579398
46910751566
46911479869
46958245575
46974844002
46989543448
46994547103
46997288701
47026096466
47047472296
47049108609
47073948238
47074679205
47088806225
47101810685
47119447166
47242275213
47343222574
47418316715
47429262384
47441762880
47479815498
47504567569
47523825938
47528590922
47568381066
47595880806
47602923559
47650680961
47666080181
47672723037
47702430908
47753926553
47755792088
47764682525
47807818261
47867901311
47911440285
47916244298
47928375041
47977932613
47989584717
47995244044
47999389339
48007137415
48014370875
48032034861
48045791226
48067993476
48160867948
48274507044
48338428990
48358566545
48359140216
48367142000
48429554662
48450603540
48470399686
48474117639
48509289845
48560620191
48577470902
48591817297
48593816596
48625481698
48642784472
48710332022
48738767583
48753114842
48788722793
48790824875
48837345235
48841592566
48879692221
48944670926
48986450596
48997099874
49047770413
49060680799
49082589392
49085486325
49115687862
49165668577
49188584717
49228106033
49230037588
49243163546
49295731335
49301617622
49311394130
49368754678
49380197844
49441340466
49448833983
49483715242
49524066313
49645702016
49694069776
49752925370
49754906320
49794416765
49801625701
49823393894
49911494631
49939960815
49963822143
49967128885
50030423492
50120907002
50129399341
50154871026
50282588784
50293429917
50318604956
50364434748
50377352484
50415163429
50475486779
50483501333
50508971254
50524305722
50557492472
50598280216
50610116029
50647372553
50658376793
50736841726
50744715517
50757497545
50813442921
50818569059
50879294314
50944560508
50947013668
51080583860
51094381617
51110265116
51168716712
51179528454
51197107183
51218205667
51243189304
51266460225
51267849919
51317003191
51354376052
51357257960
51359623175
51365134224
51369205162
51423698263
51486109063
51496687833
51522854257
51523482193
51579539399
51596436355
51599435919
51629999180
51665651033
51696527491
51786789851
51851072592
51851217212
51858126845
51891075986
51899015573
51921247143
52017645343
52046347922
52153010660
52190335083
52219721502
52225295477
52237184916
52243317962
52328083090
52386835134
52394346727
52415111353
52465776224
52513340505
52523067432
52640675246
52655785981
52715876253
52740488942
52755089165
52804829301
52853649111
52946587200
52959274274
53010355469
53015034633
53083358895
53119433854
53155451177
53195997664
53201551514
53225666876
53244957721
53260863520
53290209387
53312069897
53334520438
53338101428
53428988031
53429414414
53451989227
53461282827
53473222715
53567416132
53582960942
53750874490
53764273084
53803262986
53811283913
53832014365
53881503353
53883291290
53909908298
53977568467
53997845276
54013934839
54066858788
54102286881
54104460605
54143608395
54147991590
54227071442
54233074905
54243673295
54306269951
54342367482
54357690707
54357862971
54358729826
54359970598
54441345462
54487186009
54530136273
54585461908
54603242262
54620184586
54635752136
54664478476
54685539371
54710924680
54717083359
54725101100
54751897858
54826581469
54891186514
54898827306
54920242928
54930589981
54946010395
54991413321
54992567661
55068858386
55102794979
55240928320
55250332256
55292244240
55299122587
55329985719
55372398056
55409284934
55413128346
55456171121
55469699309
55485184078
55495716301
55508209082
55563100385
55565333728
55582128715
55587452592
55636765181
55679667119
55760779474
55764042204
55788888200
55794135212
55868330830
55896837592
55954488428
55954585431
55956625140
55962215225
55989537725
55995088861
56013589892
56042566886
56095776072
56096076601
56096609109
56116642444
56142936368
56172364161
56172461487
56304588560
56357084713
56374751571
56387655848
56394585122
56434155486
56470860055
56499507020
56513008705
56560207098
56641988029
56650842042
56651327233
56657074146
56766254919
56796687467
56930116714
56937628031
56995877771
57070520478
57217167068
57244279937
57295380397
57358836746
57364841886
57373828809
57439770832
57520335726
57541723928
57584925287
57603695519
57617114528
57630134910
57649625899
57701996386
57727140679
57741956131
57753825429
57826565926
57848411296
57940183231
57952110802
57988103029
57994690203
58053736792
58064453029
58078833629
58080637662
58083634831
58098114293
58112954198
58120863662
58143251877
58244510025
58276342885
58297329829
58374670780
58381976891
58421267273
58452777218
58480276278
58501673655
58558876490
58575566067
58608702670
58640813489
58655973556
58656251193
58689395148
58709601130
58739652618
58746486525
58750455075
58779927872
58780010399
58781114210
58810003704
58886994560
58889223784
58919124802
58924589429
58943319152
58951864224
59018514278
59138742461
59163604501
59222480721
59231016904
59273535755
59308710570
59324330501
59389895041
59392996590
59416043988
59475147468
59485692708
59495619102
59498202239
59517151998
59561821000
59567660103
59605429422
59619288584
59639421727
59651136009
59735995063
59743083907
59771774291
59798917572
59813377260
59949821235
60036210519
60062556994
60074378268
60097228890
60142610627
60215306707
60244740160
60285937376
60293034664
60320483323
60350104346
60410883224
60426498522
60437305150
60438508831
60439813572
60463025872
60484143696
60505367936
60567657550
60580334117
60594494230
60606129904
60639483014
60713590518
60724014381
60727091339
60750554184
60790292343
60839582808
60857554068
60857705597
60891587918
60961491929
60986652802
61001455802
61017639917
61019067813
61073862191
61076228283
61091255299
61092908790
61155541255
61264959011
61379939314
61397259215
61413988013
61416797219
61419454787
61424617606
61425412111
61462107668
61465478713
61468361590
61639101002
61658024356
61741062081
61798355720
61808269600
61831927028
61849887403
61869569272
61957926011
61999240133
62009653547
62018183871
62059318383
62105947191
62127455142
62128013098
62136104546
62154667434
62213622895
62217849627
62244158119
62356674242
62363004242
62389448454
62429016887
62460072031
62519978798
62536213126
62551294816
62557016309
62564965441
62581272759
62583656913
62624910428
62628069475
62636162146
62652007174
62689800706
62696908774
62780229326
62845899196
62873708101
62953438345
62961171489
62974561265
62981119986
63018754336
63027764700
63062813546
63091963307
63169749190
63209636918
63375887187
63381613993
63399312934
63408468363
63417540421
63461100371
63470303294
63517448079
63521401787
63580825505
63646395372
63693048683
63739226627
63771210261
63800511529
63835851944
63933869582
63970374908
63977641248
64004934739
64029843085
64040353975
64051689950
64098494049
64143093275
64213438498
64253267129
64254926265
64256407399
64275544638
64288599681
64325792116
64346199516
64351281910
64397646869
64459313761
64520672696
64549089745
64552129643
64557373516
64619650578
64627655930
64678053080
64680901363
64695649531
64875245748
64934722722
64937508668
64940474155
64970437854
65100454316
65148526111
65158020620
65208745234
65262138233
65284492637
65357242073
65401250526
65425783828
65464140810
65474559132
65482257069
65627217890
65660344958
65682096442
65774454009
65837959261
65845355960
65883961510
65885176194
65956375108
65964276346
66001326016
66033389202
66040106171
66073217064
66144209829
66166636009
66201403164
66206871815
66251185287
66368806041
66425365659
66482146065
66491951215
66564348169
66611250865
66633487817
66685168759
66707828213
66708669788
66717348517
66731790860
66746949538
66765381942
66780996948
66783749408
66814116024
66819848912
66841257054
66907723304
66910308596
66999231128
67052922545
67066861109
67101734692
67112615333
67124564887
67225626890
67263063734
67311189111
67318820959
67358148088
67485755865
67508151197
67557920317
67566230751
67580324635
67590682838
67606471331
67688881989
67787032523
67839866407
67892238200
67893470197
67904245445
68027453244
68115865086
68147084342
68180290802
68281075226
68308859544
68338343006
68402481924
68420230031
68440874688
68488459070
68495870826
68536043569
68571444224
68583392136
68588579824
68596901598
68689985910
68705289128
68732486316
68751446312
68756537682
68759126744
68786372247
68793284320
68793425408
68803629018
68822553879
68866000197
68906037270
68985793482
68992844096
69017614072
69042838059
69113123277
69147337761
69165454775
69216648067
69223312859
69245881921
69426054537
69431680436
69486965541
69499966808
69525707993
69548476148
69551429100
69557187004
69588717609
69594130088
69596917550
69731958150
69799475505
69836513615
69842987862
69878805198
69962746358
69985924101
70037626851
70271731783
70288447266
70290014381
70291631444
70298327414
70330751406
70364084857
70474680289
70479119935
70527706403
70540412149
70543692039
70573178555
70584542810
70605862790
70684810846
70709135255
70758170413
70766828511
70773709541
70799584414
70892774151
70940241914
70993808972
71051678029
71111425069
71121367993
71122654487
71160428433
71163785072
71190537329
71204688011
71235924012
71238472108
71279436118
71355636910
71464139778
71472758920
71524766849
71530687550
71535704527
71626795377
71640804559
71648021283
71652659546
71663680101
71673564387
71704970883
71732755573
71761703501
71780929812
71795181977
71806866567
71868315354
71999960060
72005994265
72008656444
72036532849
72063485894
72081805315
72087885006
72090380395
72120421054
72140670895
72193959742
72195965636
72202780023
72231651281
72279024988
72323979289
72339772632
72369587565
72429052954
72458446337
72480855178
72484843574
72501462852
72510846876
72543939242
72546978729
72549599104
72614969050
72616557445
72617174114
72637321190
72651150136
72742322661
72810763539
72815791027
72834500150
72886795143
72907346054
72937634292
72944181995
73015438787
73036914240
73111063201
73189183870
73249313781
73289600023
73295257018
73325646174
73340930636
73348859665
73386423352
73416701091
73421916645
73427977713
73427990795
73460295126
73485131251
73492461894
73611736960
73617373250
73636564111
73659081668
73673575834
73699717224
73717205808
73750270870
73760802970
73798455870
73811449190
73852132071
74011474193
74053549141
74065434835
74085185018
74090810322
74101734833
74140316436
74153293536
74161301128
74164301424
74175719364
74178124714
74180456067
74225160495
74243236946
74265594281
74269165318
74331029910
74346333637
74403476166
74443754985
74445080627
74454172376
74529289731
74569580421
74573863510
74582398863
74597175310
74624172255
74716111152
74779698062
74797584109
74811578761
74818767587
74833064282
74887789333
74939348699
74948228147
75006238454
75039749932
75047544744
75095327710
75098452645
75127415032
75155254571
75167742738
75190966714
75248421830
75264378212
75268245610
75300447402
75309981336
75343149448
75362452352
75406876385
75436091171
75495291785
75497436011
75559075370
75587123105
75592701379
75621230162
75624232426
75694331185
75701669991
75703023741
75744034978
75759042810
75833077922
75854219166
75858111850
75859921635
75900432276
75904108338
75914763930
75965228058
75979535997
75991218371
76005657562
76031295175
76031524304
76062066153
76081804762
76184743190
76196764591
76203667024
76207858338
76261745761
76271520020
76338453541
76341010965
76350589212
76355995508
76367682497
76376712038
76388806242
76408294576
76425298732
76442413056
76474600972
76506668051
76508367478
76515087573
76590366747
76592892192
76619771990
76690145123
76698519654
76735439682
76736870683
76777101331
76799345894
76902561981
76908628935
76953011053
76956954453
76973358116
77167736491
77310481236
77322044908
77351260430
77355257606
77394528113
77433944672
77462260574
77467074206
77477939117
77486077993
77563918489
77572405879
77585853673
77653356814
77683249971
77698319881
77740682836
77759230102
77766667936
77773548581
77806019483
77824692978
77832406483
77838631955
77844564503
77853335751
77935172767
78011064587
78014702456
78025578299
78060400912
78062081428
78104767801
78120218241
78158560892
78167628208
78181376624
78183579328
78184498066
78213629170
78249249105
78273328060
78299691420
78323886032
78364031532
78374018985
78390524746
78436311164
78458841097
78459072190
78564337657
78579672302
78678375637
78714883021
78728686941
78729697333
78741971723
78814741049
78837041381
78840857581
78873263530
78901608957
78961249766
78988821063
79011475306
79021838780
79058633132
79125881957
79278713004
79310507964
79316988913
79385784153
79387329332
79404696739
79432437456
79433924231
79516114298
79536248322
79544993283
79584483872
79600632862
79643512825
79647187870
79652251858
79744625569
79776004346
79787855489
79811822471
79821895970
79822713920
79827827490
79831335914
79840121572
79846699518
79907797963
79963474999
79970136244
79977022114
80019694313
80042245561
80064735117
80065293976
80068624449
80075246472
80112813972
80119406139
80123961135
80126009050
80142889453
80162177156
80175252133
80202737718
80222379269
80238634671
80279677634
80280740725
80317967789
80331804611
80453079420
80492686363
80519113437
80525952911
80526029358
80538856284
80582127998
80591499138
80650515908
80675570507
80715504999
80745161294
80793176844
80829150798
80903006840
80905877210
81035801591
81061212464
81070215956
81129699245
81174461158
81185080456
81203065607
81204114237
81258255083
81269119283
81293065510
81309601705
81312240048
81398183503
81404087329
81422626917
81480327427
81519617936
81541890056
81555914616
81558720030
81630780547
81669669892
81702959388
81783038345
81813253646
81922905461
81968199059
81972084794
82003617325
82017963117
82034403975
82089826791
82090746824
82098111220
82103948074
82128617367
82182179444
82201734647
82294174329
82312410976
82327965385
82359566391
82396178376
82410302162
82435393491
82458349414
82465024350
82484685622
82563566099
82564315040
82567638922
82571520946
82654006997
82708486734
82749031471
82766983888
82809121316
82838087949
82857061818
82874301282
82875994683
82903888010
82967829236
83104176868
83152520858
83165439835
83176365122
83267228039
83277978686
83358710935
83364904040
83392725904
83406110663
83421779938
83428555696
83444227445
83462563912
83512751634
83525834290
83569771144
83576500979
83622816586
83640575768
83651977230
83674482294
83705901002
83772957080
83789795219
83818556230
83831828133
83845307009
83853127166
84013547726
84021726613
84052835204
84080391431
84083993289
84084974065
84105208155
84132348057
84166135229
84168905832
84195533229
84309576831
84343722366
84384520669
84404390528
84423168036
84464755149
84490012672
84576573060
84580010070
84633821908
84655586917
84799898311
84827570154
84908121146
84974935949
84987801076
85022374682
85030311730
85069856802
85111164222
85126114056
85192887042
85222217072
85229822267
85237608329
85248078892
85254192624
85257599679
85286274723
85332641999
85372328346
85389891467
85423695098
85463261421
85475697282
85482920209
85536462539
85540739508
85579239784
85587105177
85675149676
85679759933
85772034788
85790017392
85813081071
85838173215
85854478076
85869168036
85918639428
86040514270
86045698015
86150624474
86198500196
86208476678
86251840638
86259887343
86260490251
86303090706
86305725728
86344083887
86346550329
86365653749
86383517471
86404113378
86417334475
86555027673
86560325050
86602308391
86651162796
86695538476
86744332153
86787664179
86807726555
86884886367
86909470260
86915114542
86928431177
86992237328
87016167689
87029465694
87052025260
87061466126
87085692281
87100854557
87109669306
87153887589
87208089843
87217309601
87266657846
87378385439
87414991480
87482450139
87516131569
87532480877
87573943519
87596203726
87633083055
87658620104
87674980411
87705983804
87710971592
87713444189
87730827599
87737022124
87757301788
87761241889
87785215247
87824423286
87856195603
87862838262
87865144116
87866210451
87901852527
87903953744
87997620646
87999263939
88057340227
88083968626
88108340341
88154210894
88172960923
88192906322
88240045515
88268699620
88362398938
88379499388
88386677326
88439306331
88499928004
88502678139
88518294709
88563522820
88648136428
88649025599
88661474564
88694278279
88696021784
88720270997
88722406439
88751753899
88830307757
88850771066
88854948123
88903394959
88983370363
89018802059
89035156988
89081945827
89119976254
89192223973
89198173798
89201095464
89211371300
89211869198
89276507374
89308895458
89372847579
89437670503
89441096717
89443306300
89473621856
89484195836
89489677154
89513068036
89532951949
89561997095
89572493406
89671153453
89675173776
89759941014
89812974914
89843116792
89866379131
89948860952
89958389887
89959186119
89961396864
89963737603
90002759677
90070775404
90176225540
90184682631
90265739628
90268035953
90286598306
90299255878
90305023150
90325250043
90354909279
90355100785
90409151598
90446682845
90580972856
90583329226
90600553356
90645808743
90665818069
90688499173
90714962951
90715761066
90769950513
90777181828
90779870751
90781166888
90833838806
90835712226
90894312908
90897233265
90937694531
90950789582
90965736799
90992421439
90998906002
91020431863
91041004824
91068281158
91100327653
91114281716
91172448899
91263205597
91292679597
91310776726
91347171738
91355726221
91373251500
91380539751
91410098053
91412555351
91455067446
91464572330
91488497349
91495167498
91514575412
91554699141
91588171810
91590357369
91592039934
91599818194
91711293206
91739866933
91751575529
91754990893
91804306505
91819722046
91889263899
91894901102
91911440475
91921426175
91949303015
91973214785
91991171722
92005824601
92043933037
92090890322
92113769005
92117428880
92135319862
92141118479
92148853671
92175678416
92210570617
92292342920
92366735334
92424172659
92450194798
92577434410
92584269131
92645195635
92649681555
92650917743
92696248331
92728604036
92750749883
92837911422
92839039451
92886345951
92932403975
92977534982
92992962185
93110671527
93111261129
93156441005
93160798871
93161945965
93173028840
93181515876
93190448893
93190519267
93192201497
93197744359
93267823899
93305190753
93324992757
93325642937
93336275037
93339474671
93356419196
93366180908
93403323746
93423355419
93525536661
93554244749
93562033058
93572612055
93617356916
93633761626
93640535428
93669508966
93678185110
93702376543
93744503692
93798527234
93800199581
93811773364
93855259203
93856389984
93871393778
93906479496
93950822290
93985605256
93995290665
94004450267
94117046861
94147237760
94161317348
94187984866
94208989692
94212373630
94214416362
94219745323
94303216836
94307014725
94339574532
94374408658
94426647793
94452562597
94459788993
94503272482
94505363369
94511167636
94522631832
94534329671
94541009626
94634383839
94674625372
94772936274
94825942079
94843870985
94846649701
94864265560
94871674043
94881943688
94883121481
94912744182
94952052215
94962073959
95005144226
95100667626
95106824729
95112492401
95123809587
95129100067
95152648802
95170805041
95183252192
95213899389
95226434522
95240553915
95279752859
95314730974
95339966218
95374460893
95459725022
95465193421
95486830764
95489282028
95507024543
95523537686
95545710307
95558552736
95713606470
95839230177
95873814125
95887421001
95907403757
95921941539
95922859214
95998458139
95999518554
96016196833
96032025475
96039631468
96094526201
96096979785
96119885552
96152123623
96161067693
96205980588
96216681787
96274391956
96301460817
96311875756
96325710690
96399146766
96399448443
96406347684
96426701301
96435147719
96456497941
96476026375
96514201329
96525904388
96554444548
96576383215
96616005052
96619072317
96625114106
96664982050
96705181109
96761541068
96767407666
96774069947
96779810923
96822259209
96836449158
96940594390
96947608072
97059055038
97097803334
97139976481
97168153901
97187948549
97212620564
97239583207
97296677657
97319733829
97331476826
97338651332
97341306080
97341457097
97342326621
97345629283
97363198685
97366803868
97412645053
97417896311
97418685323
97438913501
97524177535
97536802315
97588838101
97608514026
97696869232
97702755199
97777098474
97802612866
97870615949
97966474636
98014731889
98091293667
98097355157
98164738768
98192238276
98247028032
98259942136
98287923692
98309974301
98373579034
98380023439
98382946767
98427901238
98609482525
98656774322
98660187782
98665694170
98678166759
98680383951
98683275022
98746374325
98775629953
98776591534
98805245113
98854981795
98929661914
99011039468
99026901370
99074136277
99089776471
99092776086
99119176150
99134225230
99164446647
99194310179
99220914700
99226612742
99323111164
99339840770
99356417031
99368334049
99383087646
99401821388
99452163893
99527303345
99543380834
99549823888
99552204265
99564851207
99595568927
99670001976
99714824101
99716060726
99720054163
99724276926
99740083011
99779340881
99798842570
99807797012
99850091868
99859747668
99874324954
99913275583
99933958764
100062612800
100157191787
100162988567
100170317649
100218597191
100220255635
100298088607
100307829691
100349422835
100371109872
100416270498
100416605750
100477974982
100626610493
100635468118
100670367563
100696135923
100728929527
100736048777
100775524710
100791466142
100858933814
100868792476
100920241142
100939115130
100942090541
100956570662
100987955490
100991088234
101002442105
101054897060
101074169051
101083505363
101186484695
101265221677
101321527657
101382111523
101390344475
101391193841
101435456437
101518122211
101520330959
101531808549
101556503349
101587385410
101653645117
101661982699
101688813097
101774656123
101791512178
101828476250
101855374338
101901488596
101945604475
102007637055
102033293803
102037457359
102043987297
102066625310
102089741356
102237720939
102237984970
102278089984
102359151266
102440102569
102442195274
102453729178
102458966243
102471961747
102525114597
102554835811
102558252029
102575188038
102585462866
102629368488
102631462286
102635985193
102702511729
102772205310
102776378538
102835238149
102838680889
102892407856
102915286164
103086979296
103114519391
103164274027
103171911120
103194457630
103243292004
103271652993
103337614740
103391513740
103408607369
103469120420
103475802009
103476794614
103512627243
103514826364
103557731711
103566448731
103607678137
103616956351
103681662925
103733974278
103753326424
103754823049
103849713852
103855115571
103954311805
103957719754
103993390923
104006714774
104054197980
104092949691
104119665367
104125850024
104165265738
104270414251
104270490288
104289092577
104309719082
104322727510
104326206190
104357618542
104377883227
104464830748
104489069684
104523005962
104567644093
104679740249
104708510619
104788963490
104873568478
104888628075
105084993712
105195568673
105201332136
105256770728
105292213920
105309971726
105329819579
105366228986
105383672984
105396953565
105415105434
105495544530
105532584785
105550595940
105552473729
105606965997
105620150659
105658133992
105665836606
105670256130
105691971521
105697091019
105706693846
105733447874
105768216315
105817522944
105820776360
105843044882
105875848590
105914641298
105928909220
105958514415
105970107687
106007445659
106026231761
106037752503
106043054793
106067480151
106150884474
106150985230
106194540569
106196597341
106246865910
106329371260
106353228263
106356468124
106391835951
106457875330
106698031397
106714006810
106784360612
106815222271
106863754473
106867793539
106874944247
106876275541
106879092416
106910529126
106980818430
106994893281
107006232139
107027648466
107051185578
107107680888
107160514029
107167043393
107194382402
107269527921
107282599233
107306253685
107383953496
107410732801
107415187985
107426357441
107487419891
107573251061
107578158055
107585277093
107603989432
107611811309
107660739458
107660868946
107675038827
107766913844
107839803661
107846394726
107855934782
107877602072
107891377063
107933275401
107936099297
107964397800
107994575676
108008094035
108073497951
108113586367
108147205258
108151674726
108169167515
108170398922
108200273496
108213601534
108224018521
108229373183
108257144396
108288410049
108296036835
108343692052
108354290408
108369408399
108372196754
108437675211
108468732617
108475125815
108517713819
108633597357
108693704382
108693970475
108706105880
108741441042
108789839815
108791672203
108856988330
108883482940
108920114370
108923097768
108931746116
108935156970
108975487381
108989979869
109005983349
109010585045
109044118583
109060141367
109117495758
109171190342
109182429330
109204194683
109243492482
109308940551
109315189798
109336319610
109405673854
109453161576
109526125111
109550406446
109560080415
109587121985
109602808183
109614137080
109621167774
109622252464
109762183092
109788945448
109825469632
109857286617
109880493026
109896257622
109931735977
109983974696
110014089141
110019575450
110072511140
110099706965
110119406138
110130122880
110166200224
110294637409
110330546530
110511198633
110558157166
110559674627
110587425930
110626071289
110629564713
110664409592
110670556955
110705234893
110705915111
110728450783
110745783512
110782707095
110851919562
110878018784
110909807439
110913361315
110933094987
110961696839
110974865744
110987839234
111000069466
111002743996
111006420199
111060474404
111073101693
111143552294
111147680235
111150314453
111191213299
111266484995
111284078077
111344570783
111428994949
111433097676
111440852848
111449569910
111487962438
111560360307
111563822691
111595289936
111606777464
111635079357
111673648623
111736181434
111742049696
111743556557
111745236626
111777461963
111810977916
111831401015
111988138175
112013611825
112024272838
112031719016
112043819789
112057196230
112066269307
112083731605
112103539543
112109250154
112111228272
112147037567
112220889177
112226556742
112238017408
112244079227
112257272840
112305919889
112308265794
112321175977
112441877058
112448281809
112460814267
112502010507
112587614999
112618638693
112643305004
112650961766
112653492438
112681531928
112699023206
112720338863
112722084379
112747781606
112789709399
112792544489
112862735586
112890546915
112891120278
112927186363
112932140698
112961377864
112963759423
113018754534
113024352205
113056555087
113076197843
113127637272
113158345835
113191883198
113276857225
113357616220
113360582147
113385235391
113403773093
113408207695
113435139884
113462945494
113465386901
113472075780
113484667357
113488227824
113498210037
113499433856
113547553592
113563834339
113600457315
113607134345
113632954853
113656123492
113745416184
113764941229
113810843370
113816251510
113823341599
113826640572
113873644886
113890420887
113907800242
113940442702
113940756399
114022603683
114056699031
114064741622
114108343405
114108885847
114137692456
114182150901
114193236045
114200666680
114239622472
114357107417
114400263940
114410642740
114447358513
114449658900
114463007304
114500685482
114514172910
114515019992
114519287460
114530951815
114535695161
114566481384
114611678018
114622740792
114686451685
114709612861
114738963278
114763563449
114816094039
114827266268
114844678949
114858687695
114907532388
114941683663
115042553288
115060743859
115085586310
115227509556
115240940827
115275572368
115283139254
115318798188
115366817655
115369251063
115370551959
115418598704
115429485880
115453115799
115523693045
115525707084
115541665896
115623753130
115643452666
115650599715
115658810083
115701906354
115723232528
115755761101
115868190903
115905394302
115955375939
116018225491
116039463464
116067403745
116069973705
116076313844
116078427955
116078820468
116149452726
116150267773
116164215632
116184203323
116195827502
116207431687
116289266036
116297396271
116326201601
116346755407
116370806044
116398735710
116423159497
116437255751
116440375367
116448540922
116480608165
116530326140
116548248726
116572551450
116627111145
116640229355
116681132723
116689112254
116723453852
116755040848
116785154664
116791384901
116891725164
116924054179
116998210346
117005709416
117007226667
117083937503
117084955420
117111143999
117181350368
117197726302
117253845329
117262224494
117311978550
117357997590
117411286375
117412256253
117454575350
117462134920
117500276334
117500672088
117556271810
117571117409
117600635273
117669470706
117683812658
117732346119
117736170690
117790542864
117864548716
117987469974
118000193950
118009576676
118077374170
118101851182
118153461390
118159602879
118169296857
118172099219
118189235393
118193700477
118216961674
118227631760
118256055684
118262396156
118268104114
118283457327
118323895371
118347430291
118413667841
118441869124
118508240522
118516348406
118529419170
118606864331
118621351422
118674286013
118687331517
118751947091
118867517465
118885370745
118893272967
118903732087
118935014148
118944395891
118985293809
119034751045
119062708018
119166076248
119249468989
119251315753
