151922098102785
82381710998017
82617980008966
153464097849863
11610853923335
110660277014026
17602590528523
45717850645517
6682783937039
160266220257808
280666572392464
110289208437779
200083126984724
248397026962965
67472065660437
128022462875156
159877912262681
274180326216731
102439288357405
56811167101470
46241064508447
36328265079841
149413811852835
187392407027237
205475236697126
152801051606566
264360186047016
14940016624175
220692821203503
117205929141809
84607229012533
157369550854200
59206042532921
181794678891579
8553024504380
93045023277117
234834509647422
267098368408131
253147751458372
113200772182085
148452249599558
138938268747337
70963083793482
219990440167499
232345463153228
273905558742608
108939907291217
87991776813136
184451598567508
140942387594325
126853146884699
53529022015581
271526027322467
90803001590377
84428597463661
146090070192755
145785432688759
167698360641657
120981219657851
156352225861755
13553350254717
225614987504764
156607683591295
188463548295297
276809168058501
161673173871750
261402876998791
213336629533836
280712566503052
183520132521619
84634799479957
212610048832663
59737403770520
279978266713241
190176493125790
199936179611295
208971678421153
240994044416163
223133552033956
241237190532262
236269904818343
117037488965799
90103945682601
189845691618475
238866404263087
133188741991601
25028603613363
34948431390389
194279358361788
11025063474879
82466975654592
27190205612739
216510689684171
33020729377483
184782205528269
271735568269517
97358392272079
115344687709391
145634495491281
272374783141074
255610366786259
268609873928912
267034913102546
50142215365847
157147536795865
210030684337372
230732534763229
89877760334556
85711132137183
177566821860577
165363519652066
257311933265635
274081632408292
119888710150885
271341663322853
187998832298722
162369375217897
255491686977773
182416519163118
250853244291826
184684546612981
66916648938742
52461525752055
153426028249846
6111652389627
12627628879101
98882119197181
142613296988930
78721382478083
32359879040257
235755458326277
31696923015426
58708963796231
222143325315336
240082738382601
278335829714696
148596114919692
63945730923278
231175724936976
194001317368081
42702926236434
281120054689558
81485830133014
31762759368987
134916122010908
129144724379931
236709915787554
72471263748899
86590180047651
170701967418151
94569449877293
69334674528558
182763537286957
199216882216752
76169366495537
205743569361714
168842374283060
182060408174390
19927413156663
163739164320057
239443377158457
215365748280637
209576523810112
1459339358529
250827734058309
42852162362693
275266931918663
112034624755018
34620582831435
154803677306698
169558710093645
167935940273998
31469110093647
24689582114131
104315139551573
226452703275350
52497190926167
20175512110937
128833612831581
277960624202079
156752684136805
57092660297577
16241281098090
216740664550251
36456705300332
252475779920236
121337244151663
124011304086896
178844701943153
62894406041459
42237418182515
79552441393524
83844338748280
17835295352698
253385069517691
121921158544253
49381769122175
269568434272639
127723474652544
143609601767810
22356097995656
230317221332361
123554597862794
6966689919886
113143918106517
76315765456791
31898007159193
155813092934042
52549117533083
102171128207769
128533207456669
185831123235744
96692525460897
27454870572451
274654381069223
101296735201706
61951375552940
57345430031789
254793507300784
100203553703346
174533819728820
153587751605173
109492822577592
242298975623097
28808836981179
217372991152575
227465061769153
3137159079875
210148238187460
28734346679237
90341145190855
210567605943755
215532971226061
132279634651598
259293454460879
115574468424145
84212970850769
4865691069907
149147940781014
133388829979095
233478181290463
159778077632480
12813948949989
131571849058790
147280404633063
93095542715368
257227607670249
235947625498091
172566987332079
71209609491441
90311412211
96062007496183
229380112537592
256963491909114
50302021408764
42270055021053
57482523300350
174395556666367
