85994771447816
32297073008653
200083126984724
150272436625430
207267078086681
64556307275804
152643828416546
123970239234084
34155063476263
263443082387512
49193604186171
93045023277117
85037279019072
212842796310600
276696846975050
18593874731085
87991776813136
106988578406481
118686430576725
163555666108501
42182965272662
50196849811544
99343691792482
172260246880355
232151525498984
62209750851690
17090792505450
49800609267820
8827834597498
156352225861755
61629279101052
13553350254717
55910802555012
72589596467333
138493598392458
104194756485260
188200626258060
7400841887892
272179998687382
227858223128730
160510720163996
190176493125790
22901241831584
25312081100962
223133552033956
61832720433318
223562781147310
262137671377081
47456363741384
110014716281033
39311132893386
271735568269517
213832470773972
240518444875989
211525911019734
124263530291416
100237164921054
74014715125984
165363519652066
81627812249830
267942018392295
96109296533743
53376457826544
49770236666099
64563881197812
72559052030195
47862181282039
215171940712698
270262001090812
63106621407486
31272393818370
222143325315336
62758452396298
274814637310219
79916674973968
197487986827540
258325883060501
258660399595801
83153269408026
31762759368987
103730971590944
93543345611041
236709915787554
260178238857511
184831644721452
122475144110382
76169366495537
32854597493042
42854717317427
252841462710584
163739164320057
173023193375034
167668864721214
150168747540804
178614766780744
143497713123665
173393636786514
223309599965532
277960624202079
275111309484385
10981487231330
45987854721377
151796733763941
90457104294249
16241281098090
33874323407211
265615628231024
196047731007857
79552441393524
111922133401978
274257450893691
4070845874560
46901050909058
90838974161283
37219482722691
168003661308298
19468237242762
10270302626195
260481986158998
31898007159193
155813092934042
86194174607776
238091406328226
136895610397096
123109345780137
15068243394987
144065195442607
99686597329328
112802246377910
73397791867319
28808836981179
25263702852029
217372991152575
186602251395520
190271594529220
90341145190855
212278724616654
233478181290463
262769468932578
109603997450732
88784344769009
146773143216634
98882119197181
96925442155008
151922098102785
98054919414273
128318979228166
153464097849863
244105090572810
160266220257808
56201190670868
215296562291223
102439288357405
134270403944989
215064134844962
269366718194213
229930638017065
211681696080429
116246419038765
14940016624175
28045404357167
63627079270966
198763806876216
173499669463611
8553024504380
110235907703357
255115553874494
278075234107967
113101538386499
136909134586438
232345463153228
240503825343053
125935169782359
49652489232987
31959573144159
174988568609378
273604471882339
17817560212070
90803001590377
241755171258986
85207979328111
104605483213436
158594941846143
4735735792262
95473954996878
250243195970202
53797535064734
154518225502886
78733070615213
77736366252725
46423154852533
6226021368503
76982549217977
218613329543869
82466975654592
244359226876610
27190205612739
10204456338117
116748277670597
144113741267655
33020729377483
90969330336461
268609873928912
222477509976785
44103880663762
172912780919508
16381073326805
56479651267288
31421385286364
271341663322853
267379523412710
92569170125545
157784544748268
153426028249846
253920284746488
234982355862265
6111652389627
76747410703101
195846343574270
83961191416575
97977256502015
142613296988930
214606647313161
81584051479308
184238305420046
78516547461904
84908503180051
166139424211731
67428641563417
208100989084447
218974870799135
72471263748899
234841876046627
95423693284134
170701967418151
33860545757990
228590413660968
30137433113393
212867082994484
145010265957173
228009837617986
101545376547653
175916559098695
246206029914961
205910630130516
232521399747416
234066409939804
265038071858013
135019405673309
84298533618530
235978224616294
178958583194471
216740664550251
46427387446128
113672289076084
252176907404149
234768444031861
276767359943547
141627139916668
168126643651451
269484707980159
41104644473737
227317902795659
135947101553549
53092489798543
209811373425551
104781703537558
80741515740059
178183229522845
267847551493022
217556757652383
210936724341666
213189995357093
167297495991209
36528378831790
180049556513714
174533819728820
106956077163445
215858237932470
48643637928887
12285771465656
84784732169143
279267240027072
185438916535234
216505708471235
278426180461512
254968711807945
71391008302027
60207807980494
163557465539535
68948702110671
240835182592980
247206021694422
96970234790876
101786485965789
8620602328033
150706442994658
125064162083811
263232736035818
20665390113771
57696322839536
151712563889151
142043180467205
203517631751174
73916226429963
128847768216588
45717850645517
145084285879312
220457758155798
180082569823254
146930967397402
235771382334492
232209609081887
230109456630817
48543831802919
103928074978346
174003057804334
115359329600558
2105292997681
207053977773113
208001912013882
181794678891579
192915775562823
244629939938376
278806130795599
140942387594325
96267905729626
125102383932509
276603022238814
72713674556512
215215743648865
141868629378146
271526027322467
65126359966824
133135206753385
12454477087850
176750890026097
7334709290097
197007274697843
122110224532597
105044355228792
33633212589177
129716055278714
258853999436927
209803845641350
82961215186057
166393963668618
172763458512012
122810150134926
209790976033935
155147311187088
151743382955153
227113090614425
206275570754714
101795068478617
230761568576670
28593661142175
85012518184096
172564866057378
9414456583331
25336787027110
114690027127976
102144283370666
29871200494762
242374485542060
123936005850284
238866404263087
260147320267952
105223928710331
36439526057148
60127865095358
188716689220800
112816688735425
198898661835974
69774859715786
97358392272079
50253230892240
272374783141074
50142215365847
177566821860577
77161455789282
187854334461157
8947993617642
253254297363710
55420237022465
123530640966918
58708963796231
83130954269958
79862054946062
232223009473807
4418396718360
134916122010908
179821452707105
38920876631330
238835800646948
249575534454054
133444277011756
51482915276079
92752135169333
91392803259704
101713360831802
209576523810112
250827734058309
250311333479751
174530677548361
34620582831435
236372545447245
15145317344591
24689582114131
236777231541594
114022646031708
8225620944226
236299403019620
84642619000169
212495772648810
59111823091053
160278295446894
178844701943153
95490201249140
205451125499255
258846997153144
258152500847994
106505952085376
142823895418246
232934856050056
230317221332361
10175268914570
121269808121228
112679751222669
119493493941646
26711276094863
230115699893652
56124112004506
277234896627106
188524644410791
103211115840939
238093705069998
273891987277231
254793507300784
100203553703346
81603509102004
219736980473273
266118310086078
88140033705412
6906200581574
39218744419786
200503411729867
38759792895440
93787850974678
140892374894040
38919014761956
197468137301481
81010381932010
235947625498091
239434989479403
160278007514605
177532503369196
132439649052146
183337960203762
46823430465012
175834194888182
58577517716985
197604019242491
16030769366532
202364568159753
137798346712585
232798548919822
72724558480910
220406877349394
128022462875156
67472065660437
94823402202646
185788969780762
112200606434843
267772844664357
268969032803881
31269489452588
117205929141809
71573605566003
36596659103286
26552584963640
193576293082682
16044590884412
253147751458372
129545719760453
138938268747337
273905558742608
148713175860817
97128624113237
180432118900313
144605061760606
19024635807339
183196238120557
239246505469552
81975126345335
213348460480124
48530067621507
100844662810244
7413154825861
106875133716102
182702012728974
33625489835666
59737403770520
275358756071070
199936179611295
195819808753311
105590637004454
177070500218537
52157079971501
279169587390128
34948431390389
5964557485751
269616026846907
247872066225854
149043759466182
148133037377226
117823323301584
83445601126110
186998751233769
256293445551852
110373892892402
170459084916469
135862569051908
278335829714696
240082738382601
162905155307276
36391860799251
171372653168408
156051187287839
260578476631841
106451138250534
182763537286957
198063695644468
13895307478843
69239643326272
41152621807427
275266931918663
169558710093645
167935940273998
31469110093647
56932879632212
67726030858072
20175512110937
88519566796635
117455405336416
122727858751330
23485930219363
171164698421094
175194120177512
5159848224617
143188241065833
45711155423086
262685960832888
123844407666553
17835295352698
250211545089913
239970261968764
221761278502783
185009272924033
224486977865605
50540500412293
222836545890183
191958606382984
208051410364299
63418448267150
14839558702992
250652351539095
58639605589919
23530000574374
105318753511347
18659728869299
256022080161718
121988682459064
3137159079875
31516423563210
139137965025230
259293454460879
259236320929749
11976745297881
118137358682073
116696453638109
133379592161246
61039566030815
159778077632480
276906357819363
53100718516211
109686992619508
71889047349238
123187998959617
14230826436611
225417545426949
254571770718220
280666572392464
280546261567507
53004328273941
68930368210966
261675832428574
24679050872864
107605859026979
187838698391593
220007465461803
246936396367916
97755859200046
186143616067632
231259697186868
88388949526582
89708833654839
117532772395066
266603380942909
209349304444990
10104497383487
172980194920516
281041442555976
208844079917130
219990440167499
146373846788175
118904097146963
184451598567508
12951415302232
168434865129562
53529022015581
3044397205598
88978660100191
70819534481503
280159787518048
178718688184416
45785931163749
190472959641701
51343012382833
145785432688759
167698360641657
120981219657851
181853150136445
188463548295297
118728351049858
206387570501766
44289702791312
257487452244113
41806542063766
261382813796507
263211466139806
41387373332640
52776558446754
15479914891428
117037488965799
178063082277032
196899465693354
30275740813484
52714242812077
223065080244405
176713434900668
221939618982077
57342376044734
34692027574464
271720750975169
129959604127938
53984121415877
245729132046534
45960717936839
177787575027914
213656252213452
184782205528269
252564760209617
135728832645329
181752589797587
157147536795865
132202952886498
232887205398759
162369375217897
14868077111531
153288311900398
253712515950845
61035487152381
100111253629184
108668498430214
57084281178378
204292204079380
195712034539804
6767823907108
17624999233834
189848674142509
227174562236719
178205032720688
132031088462129
195550408280369
221392138553661
21169844439360
96775004457286
252328493779270
103357189318992
226452703275350
212018074126679
223986133502298
168406430402911
106803734432100
11261173844326
2973136972138
241719351372142
46790887459187
141349445724535
169780020062600
264621257492887
13596178164120
251756359436698
184320397158813
192463200496032
122667192306081
229257703106978
277778828798369
124519774882212
199198078470565
189158644124073
101296735201706
275518896294326
126933461633467
27079211379132
219660052711871
279722119023044
69055016511944
272683442604490
83716715350474
173251991562700
132279634651598
36461278816720
84212970850769
147873707993563
10764768520669
221465229191647
264076702476767
189122238433761
244130803485156
239195528145389
74848156592624
278462957136370
90311412211
28698069527028
43071991745010
33133252061687
16465501751800
159577539439108
35675068606981
244925651667464
269775552842249
145236969654798
54808930830
216925760588307
248668599020056
118842578307616
239279449623073
261679434164775
264360186047016
115739138755111
175912261249580
123115244587566
84607229012533
273108507388470
263972471622202
50891427080772
18417496205900
91947129989712
193679630944848
10349934815831
166680212957786
136245086202460
124139584260702
64380215241316
217886345308777
263401440537196
84428597463661
42258221918828
223200309684849
9022800390770
128401244310132
54490565708405
139874586831476
190632880704126
281250515012224
8062451346052
29871691655816
17146406136457
44776402381457
256537340562
54147751971476
252448634972824
163381138279069
228577329687197
2229524171432
264612376898218
259600024914602
250411355253426
109410101095094
124077377333944
160762259901116
177299906915006
70457645165249
257388468923075
43315218991812
57290961103558
10516468878025
216510689684171
239677338438348
91663459183310
95601209182928
179284855237344
28008430807776
187998832298722
119888710150885
250853244291826
211462134614774
257167004805879
213856046492412
18845509217028
88988523318022
205668496763655
189658963323656
85735574866696
209642793011979
236680298605323
118430068116240
42702926236434
12123028605719
150557206203163
42526394567462
138125447547687
77402506201897
166697812552496
19927413156663
33984587361084
17308726135619
192236574747461
177181741493065
275187053054796
94511456062286
190370768096086
189865410866008
167955153406816
247012857367394
94815640972132
38828751121254
86282784779112
107458830183274
235356759591787
78410502318958
129746222926703
65126582725489
199590248819570
85905854327670
83844338748280
93889828744057
237601998556034
123463579511683
188073464187780
60626413226885
161319556901773
198831953415056
56166442298258
244563972533139
157073823910805
108949013654421
169435968605084
159276198407069
104184863910814
273035960077222
242174800661419
148279063849903
258204000693168
264833942326193
51058086398895
16274319518643
49422372449201
108899242486720
23646683622338
167912031775688
13833656314826
217726468352977
268891794893785
165126536129502
32457001692133
4591765343206
82915488926700
232405160750061
43826946092016
87684456909810
37590296513527
142887853444088
251530795723769
258240561425415
177741974809609
119866025249805
257635201666062
254925721832466
110289208437779
278931377073173
123903178886167
165223656467486
146834087341087
245787250682912
280136963165221
268470788869162
46241812737070
13620795272239
197885841009713
130588553989176
17724224146496
22901073341524
23398483160149
195755085433940
109613722070105
229384843799642
10232184351840
279221999127651
255577574247526
242306643962991
113381391953010
225614987504764
132396887338110
219220665158786
248901499620484
161673173871750
267852333165718
261561205214363
273663014653084
161399888268449
152301459483809
236380315126953
18046167714986
13810568850604
133188741991601
164108291878067
8304068758708
162321035873463
132471125462205
116560317344960
152420756065477
50249588919496
173912146603209
42489109155020
145634495491281
33353712831700
105514352504024
230292046408927
222831829150945
45199643135208
182416519163118
70393349139695
109058805214448
28435714657523
129802169928948
66916648938742
148412502568186
12627628879101
76868978527488
215553705635078
115570096049415
216934789418247
117128243801354
13653006437649
145048004586775
47939631901978
125371388701980
206835773009187
220558964739365
247444750150949
17232939552040
185182977813803
251959709265196
3902068780335
23792689016111
280942113418546
114380396252474
215365748280637
42040603585857
125341798985026
193334329797958
134238880009547
28512359238990
230629797334352
68713575214416
68162470866261
87995766386006
105348731653463
12670366338407
193246817463657
13292394458479
124011304086896
66723978808689
246471962635634
3621067050355
208726665039222
165738206694777
62642387799419
135409397755262
127723474652544
251467864731009
16262016257410
148522047344005
111085208989067
166565907189137
253963729792402
51752489512348
136724061539743
96692525460897
27454870572451
247401675697573
64020630662568
137028699180458
57345430031789
38758492679600
260789702577586
255355376750007
115322511404476
222042452823489
16711127969224
188522887400905
63994295856588
4865691069907
237326084967897
6794157051354
274568858430940
55385676860899
27760748113380
29123627052524
156243537800688
62929465642482
146266610339317
125506756742646
96062007496183
179754488589816
256963491909114
243092725591550
269786095119880
160977768828424
110660277014026
213196446838286
180658991648271
265434142805522
48915397414420
248397026962965
123672756039189
87768614809112
30602887925276
113448134929956
139086851673642
128307262410283
45211424640556
256594290322998
87628864065082
234834509647422
144572585553473
147783943368263
32973593906759
271333274594889
33162589720143
171270749171280
95745653837405
194756401163876
136720382643813
147241235689063
110642824040044
147936940224114
19398802493043
191004489330291
264831171767925
123341142552184
151580326391416
143105101303420
98497264709246
44404547882623
22290908688008
1870333988489
154943751786128
85500169506452
212508701445782
189135098646168
232629470875293
20971820388006
174711031836339
26183452405428
9501419196085
81667352743606
100629729636023
251748184198843
3474654039741
246825494277822
64893185527493
14566042840774
161080271490766
1266944560847
147660911562449
189341771378388
106523188416215
230732534763229
57864643628766
180423084027616
276690169622258
156288955281145
111271430786812
232378363719421
14553478721276
158112026423039
11592573488900
235755458326277
250783863623429
186691642158856
51197624561417
236365922766603
277452541898511
231175724936976
91664266776338
160349719359251
26268729855764
74389880622871
108919229755167
71556336832288
94569449877293
199216882216752
5411430412084
44537989566278
152158092717895
167408627412808
92545220972364
62336990883661
92085888798543
122639134134098
221732356575062
42411112247132
55342695354206
262736117919585
121337244151663
252388063244144
152612722986866
90221172248438
128023969140599
203551936548728
221974544068477
109697238880125
70950267129732
266650158968716
97485649293199
270336733638544
52119968944018
56189399314323
232333231984530
211681905160086
196052927598494
210554853142437
269125688864679
256004877782951
106035983904682
131858488766384
465588572082
176126793379765
241841883328445
146953993269184
21238975500227
12380712071113
155342458679243
89076291399629
57994485256141
86217892745167
270967889317846
98928661778392
71815096676320
260014514606049
225446845525990
243785517035496
195340236476396
62631822569454
79849649803257
242668261871610
222021735452667
172066452058112
243632933236743
16487942803466
213537961701387
215176118054922
59034519121935
185714527653904
100269875990545
132912482521111
56610422968346
138716036755483
174144329469979
256697051664413
171407686750238
65758628909099
50365232664621
88397086666798
269672943095859
39780029632568
29251210342458
231800341196864
252845851070529
268779576963137
113200772182085
244098418184276
85302718615641
31882792349786
79243159359581
84528624652395
76496925257838
268755447705712
16424567566449
166100341059696
281400534806645
123505501974647
116753315680377
238827627933820
106362400813182
84464237301891
193532087988361
201751767904406
114378115420311
148068970401948
213228403560605
208971678421153
278037293297826
240994044416163
242459297755302
236269904818343
113363472380078
25028603613363
238529112551610
194279358361788
155229613666496
209223246966982
275851877798088
56573667258572
231698067763411
130632866869462
267627034177752
200132122955993
192511229268202
255491686977773
102348681425136
21141239755000
25542206222586
78721382478083
148596114919692
31163844120845
194001317368081
79917728968982
63982532301082
146407970361629
12183782977827
221392655175973
103763517051176
41518860161334
269878418526523
1459339358529
223180608131395
47806838182212
95781012484422
47950397223240
184997985530185
103172331712842
149168211382608
260005946675540
104315139551573
212656807317850
183116711539035
239207790268763
243003034235229
15575704236387
119495762907495
252475779920236
93395729641840
220201590632818
120065599418741
150138500862326
49381769122175
71317284639105
112296715284870
212170312356231
229173798007189
231504017871254
62941475180951
268321068290456
61951375552940
220254424527278
210063699661233
109492822577592
219251902132667
182632824648126
203898941821382
275799956378060
214710629560782
115574468424145
217563100303830
133388829979095
121208354886108
166192573338080
57075471323621
262089801331173
84485473513959
59182530048490
139426017300976
62813103403507
2707360158198
209925460349432
177457339314681
179046098596346
111836482351612
57482523300350
140011083411976
70827907363337
150577778831882
155393210757643
6682783937039
192074036285970
2457430749722
56811167101470
209179344679455
240788220768816
156719917822512
201514403213876
248973434901045
140307850670644
108814045622839
182401858294328
139521686172229
174027489464902
261270478574151
181012112724555
234141776024140
107907566801486
194590465774163
267110209942105
238796825735776
69681794945633
258463537918565
250173952012902
62087020106344
272705275712108
258095644619373
146090070192755
12583552848504
31485492425336
191143360877179
43714890052228
157967863992971
87371378823821
182973633458830
207989138436759
81059077984921
75384940122779
277517885780638
181205337748128
26606468133537
225493691544240
52495074087615
33775073325769
116272657199817
165114827641550
108742482105043
258200779756247
166615357887200
26844716077795
274081632408292
79895956419303
124169082688234
63450619638507
261132157219569
162833357132530
172421593723638
255260584948472
195415681078012
131302630912780
200586134991629
52405613253389
102477503296272
269670385472274
239507709678360
169119827030814
56947592581925
53913640735531
184582593508144
34934590722871
79371904766792
5683223319386
123511858393948
150111732986718
262365025162082
45560267354987
189682065331052
265110174094193
211041781175160
168921180476281
125856654087040
164589006959489
191197736711045
187428711437190
22356097995656
71181727986569
60154224448396
7439730144140
6966689919886
99593745011604
93567781016478
185831123235744
100760378397602
138723889394596
274654381069223
171221652001710
35348154430382
59327347758003
153587751605173
163858490028982
203576001557439
159480313713600
130252853752770
28734346679237
215532971226061
51212113302478
78289730507731
184221299586004
51002640528342
228245803815896
15998137144281
122901333431259
44481134965723
134016452924383
273135093273575
93095542715368
280524717159402
264714917131243
71209609491441
35191835251697
152889903789044
249800987980789
190770110534646
76500627330042
62337118606331
144717625742332
140158972924930
214885569311747
114417920324612
104476909097994
17602590528523
182190606316561
279169650381843
265218767115285
129844066563098
274180326216731
205475236697126
171182425609256
136611474633772
125751341290547
267603830740028
260600650552383
4652653089857
34832754947138
177834286945346
70963083793482
65504382399574
106310810670167
166637618967647
134301898429538
253699889198181
131170959365224
280748769490028
52096365909102
108944882136176
61188857353332
279022987187330
50144184726661
217384765076614
261402876998791
186721003967627
212610048832663
133596823098526
189845691618475
133443297121454
924074906803
226086774142136
85698861487290
249500755473599
244682599609538
134886461519043
51083238831300
27238394352839
156917210494155
190225536308432
66805895468241
95706964112592
69262858237146
210030684337372
97031663736031
49206807467235
99188826739946
248870622557420
135352259671278
245133813028080
87638935590130
39168752104695
67286549239031
195448252863741
42896425334025
243806354797841
81485830133014
234443348473115
108891769148699
211123263092010
213718413759787
80281512957227
76245940917549
257473016165688
202898588677433
229185701246266
141913555195195
175001233315132
43503099704637
112034624755018
217458660914508
158231590540621
84739348247888
179992625657175
247046346224985
65858747250011
269679631488350
187186350806370
211031480702315
8057237861745
134466973545842
233611668641140
109662867674492
32373178635645
58269738587520
63172717557126
253856136320391
152234251572616
159601076852110
13600038221203
274583714764181
116802928407960
40854605329824
268047196100001
66315690956194
10616338838956
110578529293742
110636224632238
58759222965681
148427824305588
205228356375992
279678607832506
157772273907132
63846810293694
65444074960326
279690643502537
2179234641357
205038759835090
192897706235347
131082706261459
141597966259669
227455715259862
40633377560027
71095445345756
36214821328354
12813948949989
147280404633063
25146658403823
84597691594230
9798098236919
92712517776894
237863095170563
42192751941126
10383777617425
233302989288983
89096296052248
201711664666138
27342926419488
149413811852835
86626856310311
27655633966640
221967754524210
271800953935412
55713244509748
156443911190081
278922453423688
162241545434698
196759172798027
266538576336461
199158619305550
37805801281106
141505413862995
82973144897115
280175987766877
110932573615712
80226947479144
116951286191722
273039102883438
232300149503599
221066451998319
35525871818357
211841140512375
18521740301944
53951754458745
228043175925376
151676021626502
70936151176840
280712566503052
84710562952848
142284637566621
68099337172640
52534357071528
20091578783408
149268828673714
223454504842937
83984808416953
144594789865146
39930041915068
11025063474879
64094701033164
82608971896528
44123514910418
107198253414101
145536109663961
76185362699996
196532613379805
85711132137183
257311933265635
19231934273251
100702683141864
165767648483048
158161095030507
224619689858796
28121322313454
165948076037871
100977708799731
53519353190142
21837458306816
21399213307655
213041008580361
235619553670923
208220217235213
234311288567566
135204429166356
944899544856
61158250960665
183693952710425
272763037669144
174944561575709
2980011431710
40515094492964
133942057572132
127096652044079
202513334515504
144054854244145
182060408174390
124342965319488
150222525978449
58325681174353
52497190926167
67084971128670
6158387689316
258486566139751
36456705300332
13380193711981
165067046377327
207069240481648
42237418182515
210205555513204
47894927751036
238996460033920
265432883894152
209483823126412
167157597230990
155127100274575
113143918106517
30486874822557
233688426649508
99061318612907
76054930102190
234536184633263
269285821814705
193033625352116
242298975623097
218023963424698
85872878909376
54114712123330
101601727100867
18991106758600
131400908126164
61412327929816
93789553399781
69223696037864
217184141866986
254561188993006
230170750588911
66818098812912
244298700109812
229380112537592
19315491387385
50302021408764
213419001927682
70855294203906
194681279084548
85788525090823
176269314349068
18494803621904
159877912262681
228400792696860
275653267798047
208055010015270
126459415435302
226797245716522
151239063238700
87340339271727
211343455582261
157369550854200
50049212971065
162119191722042
254557687240761
148166944110652
111157588875330
216751180486723
1553150785604
112003725334597
81708671653958
191197393565770
9866106329166
108939907291217
275519381444694
115379828332635
73280083286108
255988335392862
272588749240416
202397153998945
167007818758246
34885775497319
139292855482473
139062590511213
38623832807534
47965255522416
217764328511603
45365721667700
49676056221818
175074911836287
207957930883199
200664802703490
210141206501508
276809168058501
49501905598602
50067380336781
129419064768653
12435547879567
116508589652112
65989342345377
222514046261416
32610212083891
261161009600695
227880069691576
78186426685626
235272675702971
270571366758588
158685305247931
66761030695102
145901078337730
114198530119876
78127453780164
139398611138758
180463113812171
261070593145039
191462746405072
1041163270359
146154713823449
64466827761882
111908414994673
274660584118516
52461525752055
209168333904127
31696923015426
15951660079363
172595568261388
62061320673549
188166727784719
264354883680529
239084544178451
92553358760213
112983924373782
129144724379931
186991818946846
244430363351327
165990854973728
214599258429731
200585564477732
121175160125733
194064490944810
231438251489580
69334674528558
138103830108468
228748811688245
239443377158457
255898949491004
145931054217534
154503853291840
79560173525313
195075807402306
82020607793476
251435839494476
23015580309838
120312835021141
225849854523736
273241138583908
156752684136805
185392008231271
106871388338536
72835076913517
247480677849454
44014934907245
189955945511290
246883272735101
186520002206078
269568434272639
143609601767810
54850701973899
66522524760461
69331444865422
221293646043535
102171128207769
81901706394011
45446013434268
214712156617119
9093669222816
184973945387432
152535914863022
138053355985330
254701516765620
1715212933562
77417546734018
41494054197699
86005257075142
51113874553290
124287958718923
280797166401999
40096753293776
63317840771538
57641710762454
92738744015319
281097065904602
14293369780700
177514495752675
131571849058790
172566987332079
150992213522927
103121378105844
196901585934837
26037675915766
53921362024952
246574599838203
260381688838651
42270055021053
165597882866174
52903952439807
154133509978624
82381710998017
229734154516994
82617980008966
11610853923335
100242798041615
108425094806040
141946109237791
237353657768480
241595089173029
92788831255082
171649393957419
158710844938796
218029269793325
220692821203503
121696042768944
141540319369778
11376953694772
266981782338106
277845854345794
267098368408131
120700215614020
119803260942919
166793059367498
52308864088654
233473121090127
277864210053714
19602900236886
108503233190488
126853146884699
138359680064102
264732343925355
63593000688235
90619938708077
4774873471599
57751347239539
182667821587062
105962012416640
195970884418179
210152484403844
135346015509123
59344313760392
232466243115663
256800489691792
227318827211407
154737790212754
152838333094563
54765923801764
164153517988519
59731427007144
156203852176041
107608676801196
113410290547378
132601618201268
157197272619708
220193356569278
49451529321151
37775249578694
22956268083916
267034913102546
255610366786259
118809403529946
159854950390491
89877760334556
188765064829662
227696400898788
168257804384998
117572018944744
112188552567535
232392130239219
63945730923278
90254953503509
187060692482840
150358115113757
109520323615518
152034708167457
143275685526306
86590180047651
199224061844260
265081768360737
205743569361714
189979215084340
189159164746553
233338436672315
130472477416253
272930915097408
115387589778242
254865941363538
48419993680724
90042017217364
128833612831581
120604516154208
196101803858785
30224858733411
116656701520739
32743827618664
134414616189804
204062985206647
88577858812792
253385069517691
121921158544253
150994997508990
253425075190656
94664916417410
103305341008775
96305479162759
144750224685960
63780145249164
276867418913687
128603361123223
126162553944985
145752998165402
52549117533083
128533207456669
161709788044196
245203895843750
47353457064871
131771034975145
30509590936490
62542995291052
2888823716786
229202454444981
187997981768634
156173703306178
210148238187460
52051386661829
78440637062088
202281522011085
193462537460690
149147940781014
209958870055898
277415251418078
13898923498466
96642200263650
1373225589732
244565021703144
59939321969642
192238291803118
52694573161456
208142066670588
242898459327485
174395556666367
223249727855617
212580693621762
200822398336011
46191160450060
179691836349457
259455219727379
170698456972315
197310530075676
46241064508447
36328265079841
146060948298786
266380013788196
65181840661542
263539161168937
250038606707754
52900809538605
126836932172848
35753973947442
34832149904435
276697901022260
59206042532921
51889655635005
137741530135613
18532558847041
115384780053570
216459926133828
274156640197707
75532195691595
67984947526733
222712793136204
209632033750098
90662447488083
133893229952083
205047791213654
82900495359064
29364652809318
248255080701034
269255039229034
231694630141044
160966249725046
105395940490362
156607683591295
262122301242498
236755945045123
206277229485188
145999698287751
121814313696394
88544892247178
213336629533836
92214108748947
135543610350740
84634799479957
169882420812951
279978266713241
13413709790362
226448067116186
229979602173088
133907160276130
170210132196516
138306848136357
241237190532262
4876270976171
18588784352429
175987574111405
119167402990766
5068468772024
193808612752569
1258393902267
111626136378564
137148793724109
79268285119693
115344687709391
53867391671509
276181600476374
8857391619290
781878451422
145078369869026
230189958716644
29944416795879
227304759024871
243749184347369
170308508957929
228505571491051
166589068516593
266970205625588
29488630824190
48330569014527
21151986679038
32359879040257
229504400809218
188132601396484
36099144301829
193264628735242
95606629801231
83443419831572
272276106419478
181594924637465
230179413040413
51175928421674
177350804815148
21333971082542
142260984470834
151132166077756
162219525856574
191521138335039
177996361825602
115794588876099
165420350758212
42852162362693
168016641047880
80581414772042
199909201452364
196500878237009
172618445716818
26059224751451
77233526840669
163755242831210
77619860077933
159103863569778
11450348428661
132655252168058
238895011061118
123554597862794
197525745098126
47377168596368
8780782501266
76690264145300
203714593324438
249227364728220
108334714453404
188153803373985
121668049419684
279686832111016
266101876555177
193325132225961
260475163164074
226918918200752
251815778565554
209186557124019
29897974472116
96065442430395
49106118434236
16770459475391
213498365492671
114375052639686
210567605943755
241052543761870
119995104288208
153551165955538
256332091022810
265819406392797
15103181635045
43923609632231
257227607670249
129179135106540
53346790579694
28058625089008
280698662395378
117791985753591
85165068467712
3493565693443
243033271950853
241775194185222
84220711042595
187392407027237
152801051606566
211871258992168
3075242303018
151992417484337
174124370927154
68227040796215
112109388389944
250223666126393
200130066153023
148452249599558
23776274521676
29763476176466
197983443943002
250204079709791
248828105326177
35855215697508
264724139023974
248878944075369
248456435031659
111815341768306
67646048820854
35610277035642
172525725843068
147229055049342
177341044072072
205112974433937
183520132521619
85056038321812
168278344482451
189160824667801
117492306034331
81162828308131
178384141090470
201757566615208
90103945682601
208510428389044
100689389518518
231655007125180
272134380969663
42720558079681
58852968570563
141963053661891
34786168815303
210939530804942
269164263513812
47982557429460
181398304497368
178229640871646
140971605458655
187660640894694
121084913483496
266428589399789
74556489760497
184684546612981
277432490712822
85202104663800
177303974526721
100473004924678
37174889217805
227731619118862
17046397878033
281120054689558
51880403525414
25151302426411
171833819094834
168842374283060
14755595878197
270006067527478
68878948089662
110645675999039
215960498855745
224105156632386
9171196763973
154803677306698
258846427045712
265128978030418
32422921125716
168090821836629
27652478705495
34266633641815
257579189772123
58564655497059
57092660297577
149384298119019
75907624722284
270390279192429
144006176472943
119259893841778
62894406041459
3879051444086
8054300229500
175126122282882
88284657049475
121827302653828
223378410020749
57199588769682
271644618432406
76315765456791
84259153862552
12716557729694
219815396368290
104410602381222
66116068188080
257937915666354
194868338368438
108307943014329
50284829343675
227465061769153
260143335153607
9832870739916
207225156894670
221407991291859
102159496200148
76861425549274
281240081145819
242883706986466
255440674406380
193265408974829
127628614139886
32778530652148
258094771445754
198102986907644
230758104965117
