264360186047016
236709915787554
61951375552940
148452249599558
274081632408292
124011304086896
184451598567508
234834509647422
101296735201706
69334674528558
134916122010908
59737403770520
182060408174390
273905558742608
42702926236434
79552441393524
123554597862794
159778077632480
213336629533836
83844338748280
167935940273998
168842374283060
155813092934042
109492822577592
199216882216752
205475236697126
250853244291826
63945730923278
112034624755018
280666572392464
93095542715368
205743569361714
16241281098090
165363519652066
268609873928912
278335829714696
57482523300350
223133552033956
36456705300332
50302021408764
31696923015426
182416519163118
153426028249846
209576523810112
110660277014026
22356097995656
82617980008966
81485830133014
148596114919692
190176493125790
8553024504380
174533819728820
240994044416163
113143918106517
128022462875156
253147751458372
225614987504764
256963491909114
267034913102546
121921158544253
219990440167499
162369375217897
50142215365847
143609601767810
232345463153228
241237190532262
89877760334556
226452703275350
6966689919886
229380112537592
225446845525990
203714593324438
59182530048490
199590248819570
50196849811544
223986133502298
258853999436927
258204000693168
145901078337730
275851877798088
72713674556512
222836545890183
67428641563417
33353712831700
45446013434268
66805895468241
158112026423039
246206029914961
86626856310311
56166442298258
9093669222816
164589006959489
234536184633263
52714242812077
197604019242491
239507709678360
68227040796215
2457430749722
105514352504024
194868338368438
10764768520669
220254424527278
160278295446894
34692027574464
190271594529220
28435714657523
253699889198181
54147751971476
39218744419786
279686832111016
132655252168058
261675832428574
21837458306816
114417920324612
25312081100962
155147311187088
177350804815148
166637618967647
184997985530185
233473121090127
57751347239539
170698456972315
65444074960326
279678607832506
276603022238814
84220711042595
195448252863741
99061318612907
64094701033164
117492306034331
85905854327670
15103181635045
202281522011085
113410290547378
91392803259704
47353457064871
35610277035642
161080271490766
4735735792262
200503411729867
276767359943547
211681696080429
254865941363538
42411112247132
55420237022465
3902068780335
86217892745167
168016641047880
167007818758246
76982549217977
82915488926700
112003725334597
192897706235347
207053977773113
6158387689316
10981487231330
258325883060501
195075807402306
167955153406816
64380215241316
182632824648126
64893185527493
118904097146963
34832754947138
266970205625588
115570096049415
227113090614425
194064490944810
102348681425136
232151525498984
231259697186868
63982532301082
269285821814705
212842796310600
79916674973968
194756401163876
247872066225854
81667352743606
105962012416640
148279063849903
18588784352429
63846810293694
47862181282039
26268729855764
211525911019734
115322511404476
10349934815831
217886345308777
102144283370666
275187053054796
27079211379132
276181600476374
101713360831802
268755447705712
146266610339317
238835800646948
27342926419488
33625489835666
89096296052248
257388468923075
31269489452588
46823430465012
132031088462129
221465229191647
184973945387432
133907160276130
69055016511944
186991818946846
52534357071528
235978224616294
70827907363337
190632880704126
256537340562
781878451422
173251991562700
281097065904602
70950267129732
260578476631841
65504382399574
76185362699996
40854605329824
148068970401948
223562781147310
221967754524210
149043759466182
148133037377226
14230826436611
243785517035496
107907566801486
175001233315132
226086774142136
273663014653084
109410101095094
70855294203906
225849854523736
193462537460690
109058805214448
211123263092010
160977768828424
228505571491051
238091406328226
39311132893386
170210132196516
82961215186057
61188857353332
13413709790362
91663459183310
179284855237344
274660584118516
186602251395520
257635201666062
270262001090812
43071991745010
243092725591550
277432490712822
9501419196085
81627812249830
14839558702992
11261173844326
165126536129502
240503825343053
276867418913687
105318753511347
94823402202646
105044355228792
9414456583331
145078369869026
185009272924033
174003057804334
8620602328033
236777231541594
87684456909810
265038071858013
242374485542060
80281512957227
96775004457286
252841462710584
186143616067632
149268828673714
74848156592624
117455405336416
47939631901978
162241545434698
96970234790876
158685305247931
43315218991812
42192751941126
189682065331052
120981219657851
241755171258986
55342695354206
209642793011979
238529112551610
221066451998319
88388949526582
136724061539743
261679434164775
65989342345377
100269875990545
116656701520739
163555666108501
146407970361629
45785931163749
16770459475391
135862569051908
210141206501508
47377168596368
246574599838203
154133509978624
228043175925376
173023193375034
99593745011604
273039102883438
108425094806040
61158250960665
77417546734018
123115244587566
84259153862552
92788831255082
102159496200148
39930041915068
119167402990766
4591765343206
23776274521676
30602887925276
254925721832466
118137358682073
74014715125984
