264360186047016
236709915787554
61951375552940
148452249599558
274081632408292
124011304086896
184451598567508
234834509647422
101296735201706
69334674528558
134916122010908
59737403770520
182060408174390
273905558742608
42702926236434
79552441393524
123554597862794
159778077632480
213336629533836
83844338748280
167935940273998
168842374283060
155813092934042
109492822577592
199216882216752
205475236697126
250853244291826
63945730923278
112034624755018
280666572392464
93095542715368
205743569361714
16241281098090
165363519652066
268609873928912
278335829714696
57482523300350
223133552033956
36456705300332
50302021408764
31696923015426
182416519163118
153426028249846
209576523810112
110660277014026
22356097995656
82617980008966
81485830133014
148596114919692
190176493125790
8553024504380
174533819728820
240994044416163
113143918106517
128022462875156
253147751458372
225614987504764
256963491909114
267034913102546
121921158544253
219990440167499
162369375217897
50142215365847
143609601767810
232345463153228
241237190532262
89877760334556
226452703275350
6966689919886
229380112537592
225446845525990
203714593324438
59182530048490
199590248819570
50196849811544
223986133502298
258853999436927
258204000693168
145901078337730
275851877798088
72713674556512
222836545890183
67428641563417
33353712831700
45446013434268
66805895468241
158112026423039
246206029914961
86626856310311
56166442298258
9093669222816
164589006959489
234536184633263
52714242812077
197604019242491
239507709678360
68227040796215
2457430749722
105514352504024
194868338368438
10764768520669
220254424527278
160278295446894
34692027574464
190271594529220
28435714657523
253699889198181
54147751971476
39218744419786
279686832111016
132655252168058
261675832428574
21837458306816
114417920324612
25312081100962
155147311187088
177350804815148
166637618967647
184997985530185
233473121090127
57751347239539
170698456972315
65444074960326
279678607832506
276603022238814
84220711042595
195448252863741
99061318612907
64094701033164
117492306034331
85905854327670
15103181635045
202281522011085
113410290547378
91392803259704
47353457064871
35610277035642
161080271490766
4735735792262
200503411729867
276767359943547
211681696080429
254865941363538
42411112247132
55420237022465
3902068780335
86217892745167
168016641047880
167007818758246
76982549217977
82915488926700
112003725334597
192897706235347
207053977773113
6158387689316
10981487231330
258325883060501
195075807402306
167955153406816
64380215241316
182632824648126
64893185527493
118904097146963
34832754947138
266970205625588
115570096049415
227113090614425
194064490944810
102348681425136
232151525498984
231259697186868
63982532301082
269285821814705
212842796310600
79916674973968
194756401163876
247872066225854
81667352743606
105962012416640
148279063849903
18588784352429
63846810293694
47862181282039
26268729855764
211525911019734
115322511404476
10349934815831
217886345308777
102144283370666
275187053054796
27079211379132
276181600476374
101713360831802
268755447705712
146266610339317
238835800646948
27342926419488
33625489835666
89096296052248
257388468923075
31269489452588
46823430465012
132031088462129
221465229191647
184973945387432
133907160276130
69055016511944
186991818946846
52534357071528
235978224616294
70827907363337
190632880704126
256537340562
781878451422
173251991562700
281097065904602
70950267129732
260578476631841
65504382399574
76185362699996
40854605329824
148068970401948
223562781147310
221967754524210
149043759466182
148133037377226
14230826436611
243785517035496
107907566801486
175001233315132
226086774142136
273663014653084
109410101095094
70855294203906
225849854523736
193462537460690
109058805214448
211123263092010
160977768828424
228505571491051
238091406328226
39311132893386
170210132196516
82961215186057
61188857353332
13413709790362
91663459183310
179284855237344
274660584118516
186602251395520
257635201666062
270262001090812
43071991745010
243092725591550
277432490712822
9501419196085
81627812249830
14839558702992
11261173844326
165126536129502
240503825343053
276867418913687
105318753511347
94823402202646
105044355228792
9414456583331
145078369869026
185009272924033
174003057804334
8620602328033
236777231541594
87684456909810
265038071858013
242374485542060
80281512957227
96775004457286
252841462710584
186143616067632
149268828673714
74848156592624
117455405336416
47939631901978
162241545434698
96970234790876
158685305247931
43315218991812
42192751941126
189682065331052
120981219657851
241755171258986
55342695354206
209642793011979
238529112551610
221066451998319
88388949526582
136724061539743
261679434164775
65989342345377
100269875990545
116656701520739
163555666108501
146407970361629
45785931163749
16770459475391
135862569051908
210141206501508
47377168596368
246574599838203
154133509978624
228043175925376
173023193375034
99593745011604
273039102883438
108425094806040
61158250960665
77417546734018
123115244587566
84259153862552
92788831255082
102159496200148
39930041915068
119167402990766
4591765343206
23776274521676
30602887925276
254925721832466
118137358682073
74014715125984
227304759024871
53346790579694
124519774882212
49800609267820
223180608131395
193576293082682
181205337748128
264354883680529
152034708167457
266101876555177
44014934907245
250243195970202
92752135169333
115794588876099
268779576963137
88988523318022
166697812552496
195846343574270
163755242831210
140892374894040
51889655635005
166680212957786
188132601396484
269679631488350
229734154516994
9866106329166
2888823716786
112109388389944
103357189318992
94569449877293
128023969140599
125856654087040
190770110534646
153288311900398
50249588919496
56201190670868
278922453423688
228590413660968
244682599609538
228748811688245
63627079270966
49501905598602
228400792696860
48419993680724
44537989566278
267772844664357
166139424211731
45199643135208
144594789865146
31485492425336
172066452058112
272134380969663
239246505469552
1041163270359
247444750150949
38759792895440
57084281178378
203898941821382
231438251489580
277845854345794
124169082688234
157073823910805
145931054217534
38919014761956
140158972924930
262769468932578
266650158968716
68878948089662
1373225589732
207225156894670
32973593906759
19024635807339
33860545757990
7439730144140
217563100303830
82900495359064
44123514910418
76496925257838
32610212083891
234768444031861
183116711539035
33775073325769
84784732169143
76690264145300
258846427045712
7334709290097
193532087988361
242174800661419
75384940122779
274156640197707
174530677548361
19602900236886
187428711437190
118809403529946
204062985206647
223454504842937
243749184347369
152643828416546
103763517051176
189979215084340
234311288567566
74556489760497
214712156617119
88978660100191
103305341008775
33162589720143
50540500412293
14553478721276
9832870739916
209632033750098
180082569823254
214885569311747
266538576336461
196901585934837
10204456338117
275519381444694
255898949491004
220406877349394
103172331712842
145084285879312
13596178164120
63593000688235
233302989288983
107198253414101
232466243115663
250211545089913
275111309484385
188166727784719
244925651667464
169119827030814
44776402381457
181012112724555
35753973947442
160966249725046
124077377333944
72471263748899
248397026962965
260600650552383
254571770718220
16424567566449
2980011431710
33984587361084
278806130795599
142284637566621
90838974161283
122810150134926
8304068758708
163739164320057
31898007159193
153464097849863
273035960077222
108814045622839
141540319369778
227880069691576
260147320267952
113448134929956
209168333904127
111157588875330
244629939938376
188073464187780
133379592161246
191197736711045
160349719359251
35675068606981
49770236666099
137798346712585
51880403525414
191004489330291
73280083286108
10270302626195
150222525978449
105395940490362
174988568609378
236269904818343
200586134991629
54808930830
13600038221203
244130803485156
162219525856574
261132157219569
37805801281106
263401440537196
123341142552184
232798548919822
78127453780164
71556336832288
240835182592980
108919229755167
111085208989067
96267905729626
138723889394596
98928661778392
256004877782951
263539161168937
215064134844962
135728832645329
150994997508990
14940016624175
100977708799731
67286549239031
240788220768816
119866025249805
71573605566003
85994771447816
146953993269184
232521399747416
254561188993006
70936151176840
279022987187330
248870622557420
9022800390770
85202104663800
267110209942105
125506756742646
229979602173088
108944882136176
196899465693354
27238394352839
55385676860899
146060948298786
17232939552040
107608676801196
249575534454054
230179413040413
42720558079681
277864210053714
23530000574374
128847768216588
123530640966918
14868077111531
88544892247178
68713575214416
262089801331173
106523188416215
13898923498466
200132122955993
49652489232987
32373178635645
116753315680377
274568858430940
205038759835090
46423154852533
259600024914602
93543345611041
106871388338536
119888710150885
62894406041459
232223009473807
260014514606049
212508701445782
109662867674492
43503099704637
141627139916668
267852333165718
196052927598494
165420350758212
196500878237009
29488630824190
100702683141864
132439649052146
213856046492412
29871200494762
31762759368987
184782205528269
115574468424145
269568434272639
165767648483048
21151986679038
218974870799135
216510689684171
98882119197181
151922098102785
171164698421094
43923609632231
144065195442607
265819406392797
121269808121228
139874586831476
83961191416575
41104644473737
166100341059696
232887205398759
205451125499255
16381073326805
168921180476281
221974544068477
97755859200046
198831953415056
150272436625430
32422921125716
108899242486720
207957930883199
200822398336011
177514495752675
52096365909102
69774859715786
82020607793476
104184863910814
260005946675540
90662447488083
150111732986718
85698861487290
174144329469979
85165068467712
18845509217028
113381391953010
21141239755000
30509590936490
15998137144281
209811373425551
180423084027616
227858223128730
244563972533139
186520002206078
66522524760461
262685960832888
110373892892402
228577329687197
151580326391416
183337960203762
3474654039741
136720382643813
193334329797958
30275740813484
68948702110671
27652478705495
54850701973899
187838698391593
233338436672315
99343691792482
228245803815896
63994295856588
49676056221818
152838333094563
215296562291223
180432118900313
182667821587062
201514403213876
248255080701034
72724558480910
177070500218537
61035487152381
258095644619373
95473954996878
132601618201268
41152621807427
141963053661891
280942113418546
36461278816720
232405160750061
254557687240761
222831829150945
200664802703490
59344313760392
13895307478843
140307850670644
155127100274575
117128243801354
37174889217805
26059224751451
17724224146496
92569170125545
148412502568186
105223928710331
45365721667700
199158619305550
23015580309838
255610366786259
112679751222669
169882420812951
281240081145819
96109296533743
36596659103286
197310530075676
57994485256141
264714917131243
250827734058309
248828105326177
97485649293199
72589596467333
193265408974829
28008430807776
226448067116186
236372545447245
123936005850284
252328493779270
100242798041615
261382813796507
70457645165249
17090792505450
189955945511290
55713244509748
188716689220800
70393349139695
152301459483809
115359329600558
90042017217364
119803260942919
112296715284870
10104497383487
217458660914508
130252853752770
59327347758003
121175160125733
264833942326193
218613329543869
44481134965723
251467864731009
58577517716985
211841140512375
144717625742332
79917728968982
268047196100001
258486566139751
96642200263650
42258221918828
41806542063766
8054300229500
17146406136457
34155063476263
45960717936839
266380013788196
118430068116240
213189995357093
168257804384998
83130954269958
156719917822512
154943751786128
250173952012902
252388063244144
243033271950853
165990854973728
69262858237146
51083238831300
269255039229034
113672289076084
