264360186047016
236709915787554
61951375552940
148452249599558
274081632408292
124011304086896
184451598567508
234834509647422
101296735201706
69334674528558
134916122010908
59737403770520
182060408174390
273905558742608
42702926236434
79552441393524
123554597862794
159778077632480
213336629533836
83844338748280
167935940273998
168842374283060
155813092934042
109492822577592
199216882216752
205475236697126
250853244291826
63945730923278
112034624755018
280666572392464
93095542715368
205743569361714
16241281098090
165363519652066
268609873928912
278335829714696
57482523300350
223133552033956
36456705300332
50302021408764
31696923015426
182416519163118
153426028249846
209576523810112
110660277014026
22356097995656
82617980008966
81485830133014
148596114919692
190176493125790
8553024504380
174533819728820
240994044416163
113143918106517
128022462875156
253147751458372
225614987504764
256963491909114
267034913102546
121921158544253
219990440167499
162369375217897
50142215365847
143609601767810
232345463153228
241237190532262
89877760334556
226452703275350
6966689919886
229380112537592
