94569449877293
120981219657851
163739164320057
134916122010908
93095542715368
83844338748280
236269904818343
14940016624175
31762759368987
42702926236434
63945730923278
168842374283060
31898007159193
153464097849863
119888710150885
57482523300350
182060408174390
274081632408292
184451598567508
16241281098090
69334674528558
264360186047016
184782205528269
159778077632480
199216882216752
165363519652066
59737403770520
216510689684171
115574468424145
273905558742608
98882119197181
97358392272079
62894406041459
72471263748899
213336629533836
269568434272639
255610366786259
36456705300332
151922098102785
123554597862794
250827734058309
250853244291826
112034624755018
234834509647422
248397026962965
117205929141809
155813092934042
205475236697126
