94569449877293
120981219657851
163739164320057
134916122010908
93095542715368
83844338748280
236269904818343
14940016624175
31762759368987
42702926236434
63945730923278
168842374283060
31898007159193
153464097849863
119888710150885
57482523300350
182060408174390
274081632408292
184451598567508
16241281098090
69334674528558
264360186047016
184782205528269
159778077632480
199216882216752
165363519652066
59737403770520
216510689684171
115574468424145
273905558742608
98882119197181
97358392272079
62894406041459
72471263748899
213336629533836
269568434272639
255610366786259
36456705300332
151922098102785
123554597862794
250827734058309
250853244291826
112034624755018
234834509647422
248397026962965
117205929141809
155813092934042
205475236697126
25312081100962
232345463153228
5159848224617
236709915787554
177350804815148
82617980008966
61951375552940
266970205625588
194064490944810
279686832111016
113410290547378
148452249599558
65444074960326
124011304086896
81485830133014
268047196100001
145901078337730
50302021408764
31696923015426
223133552033956
91392803259704
278335829714696
161080271490766
140971605458655
280666572392464
105962012416640
101713360831802
128022462875156
248828105326177
112679751222669
97485649293199
211525911019734
21238975500227
182416519163118
115322511404476
275851877798088
63982532301082
272134380969663
70950267129732
101296735201706
194756401163876
102348681425136
51197624561417
212610048832663
63846810293694
72589596467333
27652478705495
104315139551573
264354883680529
48530067621507
153426028249846
225446845525990
34692027574464
50196849811544
178183229522845
79243159359581
12380712071113
32610212083891
79552441393524
152158092717895
167955153406816
169882420812951
281240081145819
1459339358529
271526027322467
89877760334556
81667352743606
200132122955993
190271594529220
90103945682601
229202454444981
267034913102546
17602590528523
114022646031708
235356759591787
165126536129502
132655252168058
279169650381843
271341663322853
117037488965799
120312835021141
66723978808689
281400534806645
171649393957419
43503099704637
42237418182515
167935940273998
9093669222816
76861425549274
84212970850769
261161009600695
261675832428574
109492822577592
200822398336011
279221999127651
267772844664357
106803734432100
223986133502298
9798098236919
177070500218537
206387570501766
245787250682912
57342376044734
177457339314681
11025063474879
126933461633467
150138500862326
215365748280637
56479651267288
106362400813182
78440637062088
232209609081887
109603997450732
121921158544253
122727858751330
173393636786514
119866025249805
258095644619373
256537340562
151239063238700
8062451346052
148068970401948
178958583194471
219990440167499
170701967418151
156752684136805
162369375217897
199909201452364
178063082277032
81584051479308
240994044416163
84428597463661
79560173525313
158112026423039
80226947479144
165067046377327
121337244151663
49652489232987
9022800390770
156173703306178
116753315680377
205743569361714
68930368210966
43923609632231
217184141866986
62929465642482
18521740301944
129144724379931
239443377158457
195415681078012
141627139916668
99686597329328
178229640871646
110932573615712
108939907291217
90311412211
25028603613363
100242798041615
113143918106517
194001317368081
50142215365847
52694573161456
199224061844260
102477503296272
197487986827540
129844066563098
127628614139886
85202104663800
245729132046534
106505952085376
191197393565770
210936724341666
174395556666367
13553350254717
277452541898511
39780029632568
274180326216731
8827834597498
178384141090470
159480313713600
44776402381457
117532772395066
189865410866008
76982549217977
78410502318958
36328265079841
260600650552383
267098368408131
164589006959489
16487942803466
223562781147310
240835182592980
84220711042595
254571770718220
8553024504380
189122238433761
210554853142437
71317284639105
267379523412710
42270055021053
232934856050056
49381769122175
69331444865422
59206042532921
234536184633263
4418396718360
95473954996878
52549117533083
140011083411976
86626856310311
246206029914961
92752135169333
268609873928912
250652351539095
47862181282039
242298975623097
33020729377483
52714242812077
57092660297577
11376953694772
71573605566003
267852333165718
190225536308432
212580693621762
144065195442607
187392407027237
143497713123665
71095445345756
273035960077222
250038606707754
147280404633063
19398802493043
222836545890183
28435714657523
153551165955538
45711155423086
56947592581925
274654381069223
240503825343053
251467864731009
111626136378564
145785432688759
2973136972138
222831829150945
139521686172229
84607229012533
108425094806040
213196446838286
67428641563417
52497190926167
253699889198181
109520323615518
32373178635645
115570096049415
67472065660437
188463548295297
27454870572451
204062985206647
12627628879101
259293454460879
197604019242491
156607683591295
148427824305588
221407991291859
181012112724555
18588784352429
258853999436927
251815778565554
12813948949989
84597691594230
169435968605084
62061320673549
228505571491051
209803845641350
246471962635634
233473121090127
94664916417410
2457430749722
17724224146496
133388829979095
81162828308131
16465501751800
48543831802919
209168333904127
146090070192755
258463537918565
148596114919692
211041781175160
181594924637465
84634799479957
191197736711045
159601076852110
209576523810112
150706442994658
152838333094563
53797535064734
148279063849903
85012518184096
198063695644468
117128243801354
241237190532262
9501419196085
142043180467205
7400841887892
136724061539743
196052927598494
145634495491281
225614987504764
112003725334597
3493565693443
222021735452667
115344687709391
78733070615213
165420350758212
244563972533139
17146406136457
274583714764181
55420237022465
165738206694777
117492306034331
253254297363710
215532971226061
3474654039741
70827907363337
231175724936976
112802246377910
15998137144281
111922133401978
271735568269517
161709788044196
110660277014026
253963729792402
106523188416215
84298533618530
143609601767810
31516423563210
3137159079875
88140033705412
66805895468241
96062007496183
232392130239219
153587751605173
121084913483496
167698360641657
129179135106540
226452703275350
184238305420046
51002640528342
191143360877179
18532558847041
126853146884699
253147751458372
22356097995656
35675068606981
92569170125545
132601618201268
15951660079363
260578476631841
1553150785604
57345430031789
96692525460897
202513334515504
190176493125790
244298700109812
110289208437779
200664802703490
235619553670923
148522047344005
157147536795865
28808836981179
30137433113393
135543610350740
70963083793482
59111823091053
6682783937039
269164263513812
212495772648810
178844701943153
238866404263087
199590248819570
174533819728820
12454477087850
79895956419303
212867082994484
52157079971501
261679434164775
24689582114131
74556489760497
232223009473807
31469110093647
186998751233769
146407970361629
176713434900668
183520132521619
16424567566449
71209609491441
226918918200752
212170312356231
45717850645517
254701516765620
196500878237009
93543345611041
229173798007189
59344313760392
133188741991601
203714593324438
208971678421153
6966689919886
229380112537592
115794588876099
209186557124019
28734346679237
106451138250534
23398483160149
169558710093645
50049212971065
261402876998791
160349719359251
257227607670249
148412502568186
280524717159402
36461278816720
62087020106344
198102986907644
193532087988361
34620582831435
57075471323621
3902068780335
276767359943547
239084544178451
258325883060501
192915775562823
257388468923075
170459084916469
252564760209617
6111652389627
274814637310219
27190205612739
212278724616654
90254953503509
246574599838203
27238394352839
151676021626502
249800987980789
232887205398759
159877912262681
112983924373782
127096652044079
256963491909114
10383777617425
192897706235347
189160824667801
59327347758003
48330569014527
110235907703357
276809168058501
174944561575709
171221652001710
10270302626195
105223928710331
13292394458479
121696042768944
52461525752055
209483823126412
59182530048490
28593661142175
276690169622258
46241064508447
88519566796635
217556757652383
210567605943755
275266931918663
35855215697508
111908414994673
229384843799642
271644618432406
189158644124073
192511229268202
128533207456669
240082738382601
31421385286364
205451125499255
75907624722284
50284829343675
15103181635045
172525725843068
17624999233834
269672943095859
220201590632818
5068468772024
57751347239539
208142066670588
273891987277231
90803001590377
40515094492964
82381710998017
116560317344960
47353457064871
100977708799731
220193356569278
227731619118862
86590180047651
162833357132530
34948431390389
219660052711871
216740664550251
89076291399629
278806130795599
195448252863741
20175512110937
185009272924033
84710562952848
23485930219363
246883272735101
134016452924383
185788969780762
14755595878197
64893185527493
129802169928948
181398304497368
9414456583331
10349934815831
253712515950845
215553705635078
156443911190081
223309599965532
264724139023974
223180608131395
272705275712108
82961215186057
52900809538605
72713674556512
181794678891579
214885569311747
16381073326805
179754488589816
53984121415877
175074911836287
42489109155020
6158387689316
33353712831700
84528624652395
251748184198843
267110209942105
128318979228166
15479914891428
19024635807339
155229613666496
104781703537558
34786168815303
177566821860577
45785931163749
120604516154208
258204000693168
102439288357405
78721382478083
172618445716818
199936179611295
242174800661419
132396887338110
203576001557439
235947625498091
230317221332361
149168211382608
21399213307655
177741974809609
203551936548728
262137671377081
24679050872864
211462134614774
269125688864679
77233526840669
145048004586775
214712156617119
258200779756247
211681696080429
200503411729867
62941475180951
138716036755483
174124370927154
165223656467486
13833656314826
223454504842937
119803260942919
126162553944985
154737790212754
208726665039222
32854597493042
26606468133537
211343455582261
189658963323656
215296562291223
76169366495537
257167004805879
67084971128670
65989342345377
212018074126679
81975126345335
269878418526523
11592573488900
138493598392458
54850701973899
187838698391593
179691836349457
86194174607776
21837458306816
194868338368438
261132157219569
37174889217805
63450619638507
66116068188080
109613722070105
97128624113237
233302989288983
228748811688245
85302718615641
160510720163996
209958870055898
136720382643813
237326084967897
100689389518518
85207979328111
14868077111531
102171128207769
61158250960665
196759172798027
189848674142509
223200309684849
89708833654839
156352225861755
6906200581574
247872066225854
160278007514605
58852968570563
139062590511213
177303974526721
132031088462129
124342965319488
244430363351327
268969032803881
272276106419478
230732534763229
242668261871610
156917210494155
255440674406380
163557465539535
13620795272239
4865691069907
142284637566621
45446013434268
242306643962991
128023969140599
187186350806370
90341145190855
15575704236387
75384940122779
216751180486723
132912482521111
256697051664413
199198078470565
167408627412808
122475144110382
270390279192429
39168752104695
88978660100191
277960624202079
247206021694422
38828751121254
83443419831572
235755458326277
244098418184276
121988682459064
138359680064102
53376457826544
65758628909099
207989138436759
173912146603209
138938268747337
189845691618475
230170750588911
255355376750007
83153269408026
56189399314323
251435839494476
121175160125733
56166442298258
202364568159753
118904097146963
266603380942909
248456435031659
210939530804942
244565021703144
229185701246266
222042452823489
273604471882339
227113090614425
239195528145389
156051187287839
241775194185222
67726030858072
133135206753385
106310810670167
223065080244405
232378363719421
205047791213654
34934590722871
41152621807427
177181741493065
161399888268449
281041442555976
215960498855745
49206807467235
63317840771538
269285821814705
107605859026979
152889903789044
62642387799419
173499669463611
168090821836629
257473016165688
274156640197707
123970239234084
232629470875293
10175268914570
192238291803118
51343012382833
108919229755167
111085208989067
94815640972132
18593874731085
13895307478843
213656252213452
225493691544240
184582593508144
266538576336461
213228403560605
148166944110652
194590465774163
58639605589919
36439526057148
100629729636023
272588749240416
238895011061118
226797245716522
157073823910805
1041163270359
280797166401999
269484707980159
170698456972315
171270749171280
103305341008775
267603830740028
36391860799251
208510428389044
11450348428661
150222525978449
187997981768634
151132166077756
92214108748947
52534357071528
217372991152575
167297495991209
26059224751451
112816688735425
159577539439108
2229524171432
8857391619290
152034708167457
112188552567535
230179413040413
253920284746488
76500627330042
241052543761870
25151302426411
144113741267655
182702012728974
10764768520669
13600038221203
146373846788175
99188826739946
261270478574151
168921180476281
49770236666099
121827302653828
149413811852835
202281522011085
163858490028982
25542206222586
279978266713241
90457104294249
240518444875989
66818098812912
263539161168937
253385069517691
187660640894694
16030769366532
144054854244145
256800489691792
130632866869462
81010381932010
250311333479751
261382813796507
20665390113771
193808612752569
239507709678360
115384780053570
132471125462205
124139584260702
123903178886167
77736366252725
58708963796231
269775552842249
245203895843750
132202952886498
271720750975169
105514352504024
147936940224114
53004328273941
78289730507731
86217892745167
151743382955153
60626413226885
141913555195195
271333274594889
188524644410791
140942387594325
250204079709791
165948076037871
125371388701980
281250515012224
200130066153023
40096753293776
134886461519043
118728351049858
93045023277117
76315765456791
221465229191647
67984947526733
275799956378060
224486977865605
66315690956194
271800953935412
155342458679243
12285771465656
113200772182085
152420756065477
15068243394987
114417920324612
84485473513959
221732356575062
174711031836339
165597882866174
227317902795659
270967889317846
104605483213436
238093705069998
265819406392797
130588553989176
196901585934837
166589068516593
33162589720143
225417545426949
177514495752675
20091578783408
144605061760606
180049556513714
176269314349068
76868978527488
22901073341524
62337118606331
210063699661233
209642793011979
231655007125180
268470788869162
176750890026097
243749184347369
115387589778242
250223666126393
96925442155008
130472477416253
217886345308777
101786485965789
198763806876216
28698069527028
260014514606049
138053355985330
88784344769009
266428589399789
182763537286957
79371904766792
141868629378146
97031663736031
68227040796215
31272393818370
32359879040257
163381138279069
214710629560782
220692821203503
86282784779112
45211424640556
107907566801486
189135098646168
146834087341087
276906357819363
125935169782359
226086774142136
260143335153607
206835773009187
125064162083811
279678607832506
159103863569778
83961191416575
220254424527278
129545719760453
172763458512012
207053977773113
149147940781014
78186426685626
8620602328033
65181840661542
127723474652544
208051410364299
54147751971476
46241812737070
102144283370666
248668599020056
276867418913687
30224858733411
258152500847994
46427387446128
184684546612981
237601998556034
81603509102004
160278295446894
19927413156663
255577574247526
113363472380078
71181727986569
212656807317850
255491686977773
233338436672315
260789702577586
121208354886108
100203553703346
172566987332079
2707360158198
7413154825861
279722119023044
147660911562449
186691642158856
155393210757643
224105156632386
179821452707105
145236969654798
123844407666553
47965255522416
77161455789282
152234251572616
272930915097408
171407686750238
53867391671509
107198253414101
2179234641357
277517885780638
10204456338117
17308726135619
171372653168408
205910630130516
194279358361788
261561205214363
51889655635005
229257703106978
147783943368263
193033625352116
116508589652112
18046167714986
223249727855617
44404547882623
221967754524210
278075234107967
142260984470834
193264628735242
34155063476263
147229055049342
253856136320391
197007274697843
57199588769682
145536109663961
46790887459187
166637618967647
264732343925355
184221299586004
241595089173029
49106118434236
106035983904682
82973144897115
232466243115663
175001233315132
92553358760213
150358115113757
249500755473599
141597966259669
33633212589177
265038071858013
258660399595801
112296715284870
100111253629184
82466975654592
229504400809218
229930638017065
157197272619708
12670366338407
70457645165249
186721003967627
281120054689558
132279634651598
257937915666354
128833612831581
21333971082542
4070845874560
164153517988519
208100989084447
169780020062600
231800341196864
103730971590944
158710844938796
233478181290463
252845851070529
119493493941646
44103880663762
61039566030815
242898459327485
150168747540804
84908503180051
131170959365224
3075242303018
33874323407211
155147311187088
175126122282882
31269489452588
17046397878033
268755447705712
39218744419786
186520002206078
64020630662568
42720558079681
139398611138758
158161095030507
184320397158813
93789553399781
232300149503599
157369550854200
217726468352977
84739348247888
100844662810244
236380315126953
236365922766603
222477509976785
270571366758588
81059077984921
4735735792262
184997985530185
193265408974829
4652653089857
280175987766877
190370768096086
266101876555177
48643637928887
272683442604490
51482915276079
100760378397602
53921362024952
15145317344591
188765064829662
250411355253426
55385676860899
93567781016478
92085888798543
58564655497059
263443082387512
29871691655816
61188857353332
63418448267150
279690643502537
104194756485260
100269875990545
251959709265196
242374485542060
12951415302232
162119191722042
71815096676320
247046346224985
52308864088654
16770459475391
125506756742646
201751767904406
123109345780137
85500169506452
247480677849454
232405160750061
264833942326193
60207807980494
72835076913517
221974544068477
134414616189804
44289702791312
218613329543869
110642824040044
90221172248438
145010265957173
239279449623073
205668496763655
266118310086078
251530795723769
239970261968764
143105101303420
159276198407069
106988578406481
96267905729626
180432118900313
274568858430940
213718413759787
64380215241316
258240561425415
99061318612907
276603022238814
118842578307616
131302630912780
149384298119019
81901706394011
208001912013882
29944416795879
238091406328226
210152484403844
46901050909058
99343691792482
80281512957227
16274319518643
85905854327670
29364652809318
124263530291416
218029269793325
112200606434843
193325132225961
275358756071070
35525871818357
175194120177512
146266610339317
227318827211407
182190606316561
62209750851690
269786095119880
58269738587520
174530677548361
139086851673642
70393349139695
183116711539035
51752489512348
254865941363538
229979602173088
210030684337372
149043759466182
208055010015270
231694630141044
216459926133828
104476909097994
20971820388006
264076702476767
29763476176466
270336733638544
58759222965681
12716557729694
196047731007857
53913640735531
270006067527478
31959573144159
2105292997681
221939618982077
272374783141074
45960717936839
211681905160086
114690027127976
172595568261388
160266220257808
108668498430214
64094701033164
28512359238990
95781012484422
27655633966640
177787575027914
269670385472274
238529112551610
197983443943002
42896425334025
29251210342458
96109296533743
246936396367916
117572018944744
154518225502886
110014716281033
166393963668618
220558964739365
90662447488083
77402506201897
65504382399574
188166727784719
36099144301829
252448634972824
243033271950853
103928074978346
158231590540621
142887853444088
243003034235229
135862569051908
212842796310600
96775004457286
56932879632212
214606647313161
219220665158786
168016641047880
105318753511347
131571849058790
1870333988489
32778530652148
6794157051354
118686430576725
37775249578694
151712563889151
62336990883661
263232736035818
260481986158998
43714890052228
227304759024871
66761030695102
33625489835666
183693952710425
180463113812171
278037293297826
54490565708405
91947129989712
197885841009713
3879051444086
46823430465012
213419001927682
256293445551852
136611474633772
196101803858785
63106621407486
233688426649508
53951754458745
109686992619508
63172717557126
108814045622839
239207790268763
161673173871750
256332091022810
238996460033920
46191160450060
61412327929816
14230826436611
47456363741384
116696453638109
217384765076614
4876270976171
237353657768480
120065599418741
123463579511683
74848156592624
117791985753591
93395729641840
258094771445754
136909134586438
57641710762454
88397086666798
61832720433318
128603361123223
219815396368290
213041008580361
80741515740059
32297073008653
137028699180458
38623832807534
43826946092016
141946109237791
257487452244113
242883706986466
125751341290547
142613296988930
13810568850604
230189958716644
6767823907108
273663014653084
73397791867319
27760748113380
52096365909102
22290908688008
124287958718923
62813103403507
106956077163445
244105090572810
168126643651451
77619860077933
252176907404149
152801051606566
95490201249140
267847551493022
266380013788196
116656701520739
163555666108501
98497264709246
259455219727379
129959604127938
260381688838651
238827627933820
274257450893691
213537961701387
189159164746553
52119968944018
52495074087615
181853150136445
223378410020749
141505413862995
76747410703101
200083126984724
51212113302478
65126359966824
181752589797587
187854334461157
54114712123330
18991106758600
251756359436698
22901241831584
200586134991629
254793507300784
198898661835974
222514046261416
218023963424698
45560267354987
150557206203163
277415251418078
115379828332635
236755945045123
87991776813136
200585564477732
10516468878025
213832470773972
11976745297881
253425075190656
157784544748268
156203852176041
109697238880125
121668049419684
280712566503052
280136963165221
47950397223240
239677338438348
154803677306698
167007818758246
35610277035642
8057237861745
168434865129562
228245803815896
40633377560027
123187998959617
103121378105844
141349445724535
195075807402306
167668864721214
119259893841778
42411112247132
236299403019620
234066409939804
195819808753311
188522887400905
280546261567507
42854717317427
123511858393948
265128978030418
33775073325769
248878944075369
215176118054922
185182977813803
164108291878067
146773143216634
138723889394596
221392138553661
227465061769153
134238880009547
4774873471599
154133509978624
152612722986866
13413709790362
188200626258060
17835295352698
187998832298722
197468137301481
147873707993563
235771382334492
236680298605323
3044397205598
241719351372142
221066451998319
87995766386006
57864643628766
185831123235744
91664266776338
26711276094863
60154224448396
210148238187460
66916648938742
255988335392862
42526394567462
69239643326272
166615357887200
64556307275804
109410101095094
67646048820854
84642619000169
172980194920516
57290961103558
231698067763411
230115699893652
94511456062286
5964557485751
166139424211731
257311933265635
92712517776894
110645675999039
272179998687382
221293646043535
224619689858796
231504017871254
14566042840774
246825494277822
116802928407960
206275570754714
56811167101470
90838974161283
88284657049475
275653267798047
202898588677433
210205555513204
1715212933562
235272675702971
117455405336416
87340339271727
175987574111405
214599258429731
139426017300976
201757566615208
215215743648865
265110174094193
202397153998945
465588572082
279169587390128
42852162362693
82915488926700
144006176472943
267627034177752
216934789418247
273135093273575
177341044072072
179046098596346
69223696037864
92788831255082
37219482722691
90969330336461
182401858294328
273241138583908
55910802555012
209790976033935
247444750150949
59731427007144
27342926419488
48915397414420
175916559098695
233611668641140
250211545089913
152535914863022
75532195691595
256594290322998
151796733763941
85056038321812
196532613379805
51058086398895
252475779920236
97977256502015
30486874822557
1258393902267
52051386661829
34832754947138
194681279084548
268321068290456
110578529293742
85037279019072
267942018392295
131082706261459
217764328511603
162905155307276
129746222926703
182632824648126
12583552848504
13653006437649
146930967397402
96305479162759
254968711807945
154503853291840
53100718516211
219251902132667
12183782977827
216925760588307
84464237301891
57696322839536
122110224532597
268891794893785
205228356375992
37590296513527
95423693284134
222143325315336
159854950390491
191462746405072
230629797334352
180658991648271
51113874553290
10104497383487
268779576963137
187060692482840
101545376547653
278931377073173
108503233190488
139137965025230
136245086202460
209223246966982
262122301242498
11610853923335
145931054217534
133596823098526
232333231984530
62542995291052
28121322313454
26552584963640
258486566139751
192074036285970
219736980473273
64466827761882
277864210053714
211871258992168
139292855482473
53529022015581
95606629801231
117823323301584
60127865095358
944899544856
28058625089008
265615628231024
227696400898788
85711132137183
31882792349786
36528378831790
193679630944848
116748277670597
114378115420311
29488630824190
129716055278714
27079211379132
248973434901045
232521399747416
221392655175973
56573667258572
228009837617986
81627812249830
70855294203906
178614766780744
111271430786812
182667821587062
227455715259862
269616026846907
133443297121454
50540500412293
122639134134098
34266633641815
225849854523736
89096296052248
234141776024140
47939631901978
264612376898218
47982557429460
264831171767925
92738744015319
265434142805522
18659728869299
52903952439807
104410602381222
100473004924678
10232184351840
83716715350474
170308508957929
252841462710584
64563881197812
50253230892240
25336787027110
91663459183310
137741530135613
208220217235213
273108507388470
58577517716985
113101538386499
33133252061687
145999698287751
114375052639686
179284855237344
133444277011756
78516547461904
95601209182928
21169844439360
71889047349238
241841883328445
38758492679600
144572585553473
175912261249580
134301898429538
254561188993006
55342695354206
106875133716102
207069240481648
49422372449201
147241235689063
128401244310132
211031480702315
160762259901116
239434989479403
105348731653463
277234896627106
41387373332640
230109456630817
8947993617642
256022080161718
121814313696394
255260584948472
260475163164074
243806354797841
156243537800688
86005257075142
234768444031861
165114827641550
50067380336781
146060948298786
249227364728220
84784732169143
6226021368503
195550408280369
101601727100867
26844716077795
179992625657175
269366718194213
103211115840939
205038759835090
79916674973968
230292046408927
234443348473115
152643828416546
49451529321151
131771034975145
12123028605719
143275685526306
781878451422
184973945387432
95745653837405
54765923801764
26183452405428
25263702852029
158685305247931
176126793379765
168003661308298
150577778831882
33860545757990
26037675915766
53346790579694
216505708471235
19315491387385
272763037669144
119995104288208
19468237242762
275111309484385
264621257492887
260178238857511
87371378823821
142823895418246
108307943014329
221761278502783
52405613253389
172260246880355
102159496200148
101795068478617
177299906915006
68099337172640
208844079917130
65858747250011
156288955281145
10981487231330
230761568576670
87628864065082
257579189772123
87638935590130
189341771378388
234841876046627
61629279101052
168278344482451
203517631751174
207267078086681
125341798985026
193462537460690
220007465461803
144750224685960
5683223319386
238835800646948
275187053054796
134466973545842
2888823716786
112109388389944
162321035873463
162241545434698
924074906803
192463200496032
79862054946062
205112974433937
250783863623429
126459415435302
207225156894670
70819534481503
59034519121935
278462957136370
232151525498984
14293369780700
135019405673309
120700215614020
87768614809112
83984808416953
131858488766384
90619938708077
195712034539804
107458830183274
1266944560847
38919014761956
134270403944989
16262016257410
138103830108468
111836482351612
242459297755302
72559052030195
53092489798543
191521138335039
166565907189137
263211466139806
135409397755262
174027489464902
255115553874494
35348154430382
190472959641701
262365025162082
29123627052524
79849649803257
172421593723638
172564866057378
95706964112592
59939321969642
42182965272662
18494803621904
209349304444990
262736117919585
108334714453404
206277229485188
63780145249164
38920876631330
28045404357167
19231934273251
18417496205900
16044590884412
93889828744057
76054930102190
29897974472116
100237164921054
191958606382984
85788525090823
69774859715786
109058805214448
96065442430395
227174562236719
213348460480124
247012857367394
47806838182212
215171940712698
280698662395378
158594941846143
58325681174353
10616338838956
23792689016111
178205032720688
138306848136357
230758104965117
93787850974678
45987854721377
280748769490028
258846997153144
220457758155798
13380193711981
81708671653958
209811373425551
135947101553549
157967863992971
195340236476396
108891769148699
192236574747461
173251991562700
135352259671278
122667192306081
133893229952083
136895610397096
197525745098126
177532503369196
167157597230990
8780782501266
50144184726661
247401675697573
62758452396298
128307262410283
100702683141864
116272657199817
111815341768306
265432883894152
118137358682073
172912780919508
276696846975050
201711664666138
146154713823449
177834286945346
119495762907495
44014934907245
39930041915068
213498365492671
50365232664621
138125447547687
25146658403823
168406430402911
171182425609256
34832149904435
116246419038765
83445601126110
34885775497319
80581414772042
157772273907132
110636224632238
145752998165402
166793059367498
175834194888182
231259697186868
116951286191722
135204429166356
36214821328354
238796825735776
204292204079380
96970234790876
186143616067632
188153803373985
123505501974647
183196238120557
195970884418179
3621067050355
281097065904602
237863095170563
56610422968346
137148793724109
243632933236743
41494054197699
32743827618664
65126582725489
98054919414273
41518860161334
66522524760461
129419064768653
114380396252474
53519353190142
79268285119693
195755085433940
244359226876610
108742482105043
47894927751036
266981782338106
16711127969224
52776558446754
279267240027072
215858237932470
261070593145039
71391008302027
161319556901773
209179344679455
167912031775688
88577858812792
235978224616294
280159787518048
133907160276130
32457001692133
184831644721452
5411430412084
85872878909376
115739138755111
77417546734018
234982355862265
178718688184416
12435547879567
151992417484337
122901333431259
150992213522927
9171196763973
166192573338080
26268729855764
182973633458830
123341142552184
222712793136204
62631822569454
73916226429963
193576293082682
92545220972364
49193604186171
35191835251697
263972471622202
68162470866261
7334709290097
148713175860817
74389880622871
185714527653904
232798548919822
143188241065833
23646683622338
277778828798369
123672756039189
278426180461512
56124112004506
265081768360737
274660584118516
193246817463657
31163844120845
275518896294326
245133813028080
133942057572132
38759792895440
265218767115285
125102383932509
210141206501508
42040603585857
51175928421674
69681794945633
209925460349432
126836932172848
248901499620484
131400908126164
177996361825602
259236320929749
185392008231271
114198530119876
17817560212070
276697901022260
57084281178378
135346015509123
22956268083916
105590637004454
8225620944226
85735574866696
171833819094834
185438916535234
76245940917549
50891427080772
82608971896528
108949013654421
