94569449877293
120981219657851
163739164320057
134916122010908
93095542715368
83844338748280
236269904818343
14940016624175
31762759368987
42702926236434
63945730923278
168842374283060
31898007159193
153464097849863
119888710150885
57482523300350
182060408174390
274081632408292
184451598567508
16241281098090
69334674528558
264360186047016
184782205528269
159778077632480
199216882216752
165363519652066
59737403770520
216510689684171
115574468424145
273905558742608
98882119197181
97358392272079
62894406041459
72471263748899
213336629533836
269568434272639
255610366786259
36456705300332
151922098102785
123554597862794
250827734058309
250853244291826
112034624755018
234834509647422
248397026962965
117205929141809
155813092934042
205475236697126
25312081100962
232345463153228
5159848224617
236709915787554
177350804815148
82617980008966
61951375552940
266970205625588
194064490944810
279686832111016
113410290547378
148452249599558
65444074960326
124011304086896
81485830133014
268047196100001
145901078337730
50302021408764
31696923015426
223133552033956
91392803259704
278335829714696
161080271490766
140971605458655
280666572392464
105962012416640
101713360831802
128022462875156
248828105326177
112679751222669
97485649293199
211525911019734
21238975500227
182416519163118
115322511404476
275851877798088
63982532301082
272134380969663
70950267129732
101296735201706
194756401163876
102348681425136
51197624561417
212610048832663
63846810293694
72589596467333
27652478705495
104315139551573
264354883680529
48530067621507
153426028249846
225446845525990
34692027574464
50196849811544
178183229522845
79243159359581
12380712071113
32610212083891
79552441393524
152158092717895
167955153406816
169882420812951
281240081145819
1459339358529
271526027322467
89877760334556
81667352743606
200132122955993
190271594529220
90103945682601
229202454444981
267034913102546
17602590528523
114022646031708
235356759591787
165126536129502
132655252168058
279169650381843
271341663322853
117037488965799
120312835021141
66723978808689
281400534806645
171649393957419
43503099704637
42237418182515
167935940273998
9093669222816
76861425549274
84212970850769
261161009600695
261675832428574
109492822577592
200822398336011
279221999127651
267772844664357
106803734432100
223986133502298
9798098236919
177070500218537
206387570501766
245787250682912
57342376044734
177457339314681
11025063474879
126933461633467
150138500862326
215365748280637
56479651267288
106362400813182
78440637062088
232209609081887
109603997450732
121921158544253
122727858751330
173393636786514
119866025249805
258095644619373
256537340562
151239063238700
8062451346052
148068970401948
178958583194471
219990440167499
170701967418151
156752684136805
162369375217897
199909201452364
178063082277032
81584051479308
240994044416163
84428597463661
79560173525313
158112026423039
80226947479144
165067046377327
121337244151663
49652489232987
9022800390770
156173703306178
116753315680377
205743569361714
68930368210966
43923609632231
217184141866986
62929465642482
18521740301944
129144724379931
239443377158457
195415681078012
141627139916668
99686597329328
178229640871646
110932573615712
108939907291217
90311412211
25028603613363
100242798041615
113143918106517
194001317368081
50142215365847
52694573161456
199224061844260
102477503296272
197487986827540
129844066563098
127628614139886
85202104663800
245729132046534
106505952085376
191197393565770
210936724341666
174395556666367
13553350254717
277452541898511
39780029632568
274180326216731
8827834597498
178384141090470
159480313713600
44776402381457
117532772395066
189865410866008
76982549217977
78410502318958
36328265079841
260600650552383
267098368408131
164589006959489
16487942803466
223562781147310
240835182592980
84220711042595
254571770718220
8553024504380
189122238433761
210554853142437
71317284639105
267379523412710
42270055021053
232934856050056
49381769122175
69331444865422
59206042532921
234536184633263
4418396718360
95473954996878
52549117533083
140011083411976
86626856310311
246206029914961
92752135169333
268609873928912
250652351539095
47862181282039
242298975623097
33020729377483
52714242812077
57092660297577
11376953694772
71573605566003
267852333165718
190225536308432
212580693621762
144065195442607
187392407027237
143497713123665
71095445345756
273035960077222
250038606707754
147280404633063
19398802493043
222836545890183
28435714657523
153551165955538
45711155423086
56947592581925
274654381069223
240503825343053
251467864731009
111626136378564
145785432688759
2973136972138
222831829150945
139521686172229
84607229012533
108425094806040
213196446838286
67428641563417
52497190926167
253699889198181
109520323615518
32373178635645
115570096049415
67472065660437
188463548295297
27454870572451
204062985206647
12627628879101
259293454460879
197604019242491
156607683591295
148427824305588
221407991291859
181012112724555
18588784352429
258853999436927
251815778565554
12813948949989
84597691594230
169435968605084
62061320673549
228505571491051
209803845641350
246471962635634
233473121090127
94664916417410
2457430749722
17724224146496
133388829979095
81162828308131
16465501751800
48543831802919
209168333904127
146090070192755
258463537918565
148596114919692
211041781175160
181594924637465
84634799479957
191197736711045
159601076852110
209576523810112
150706442994658
152838333094563
53797535064734
148279063849903
85012518184096
198063695644468
117128243801354
241237190532262
9501419196085
142043180467205
7400841887892
136724061539743
196052927598494
145634495491281
225614987504764
112003725334597
3493565693443
222021735452667
115344687709391
78733070615213
165420350758212
244563972533139
17146406136457
274583714764181
55420237022465
165738206694777
117492306034331
253254297363710
215532971226061
3474654039741
70827907363337
231175724936976
112802246377910
15998137144281
111922133401978
271735568269517
161709788044196
110660277014026
253963729792402
106523188416215
84298533618530
143609601767810
31516423563210
3137159079875
88140033705412
66805895468241
96062007496183
232392130239219
153587751605173
121084913483496
167698360641657
129179135106540
226452703275350
184238305420046
51002640528342
191143360877179
18532558847041
126853146884699
253147751458372
22356097995656
35675068606981
92569170125545
132601618201268
15951660079363
260578476631841
1553150785604
57345430031789
96692525460897
202513334515504
190176493125790
244298700109812
110289208437779
200664802703490
235619553670923
148522047344005
157147536795865
28808836981179
30137433113393
135543610350740
70963083793482
59111823091053
6682783937039
269164263513812
212495772648810
178844701943153
238866404263087
199590248819570
174533819728820
12454477087850
79895956419303
212867082994484
52157079971501
261679434164775
24689582114131
74556489760497
232223009473807
31469110093647
186998751233769
146407970361629
176713434900668
183520132521619
16424567566449
71209609491441
226918918200752
212170312356231
45717850645517
254701516765620
196500878237009
93543345611041
229173798007189
59344313760392
133188741991601
203714593324438
208971678421153
6966689919886
229380112537592
115794588876099
209186557124019
28734346679237
106451138250534
23398483160149
169558710093645
50049212971065
261402876998791
160349719359251
257227607670249
148412502568186
280524717159402
36461278816720
62087020106344
198102986907644
193532087988361
34620582831435
57075471323621
3902068780335
276767359943547
239084544178451
258325883060501
192915775562823
257388468923075
170459084916469
252564760209617
6111652389627
274814637310219
27190205612739
212278724616654
90254953503509
246574599838203
27238394352839
151676021626502
249800987980789
232887205398759
159877912262681
112983924373782
127096652044079
256963491909114
10383777617425
192897706235347
189160824667801
59327347758003
48330569014527
110235907703357
276809168058501
174944561575709
171221652001710
10270302626195
105223928710331
13292394458479
121696042768944
52461525752055
209483823126412
59182530048490
28593661142175
276690169622258
46241064508447
88519566796635
217556757652383
210567605943755
275266931918663
35855215697508
111908414994673
229384843799642
271644618432406
189158644124073
192511229268202
128533207456669
240082738382601
31421385286364
205451125499255
75907624722284
50284829343675
15103181635045
172525725843068
17624999233834
269672943095859
220201590632818
5068468772024
57751347239539
208142066670588
273891987277231
90803001590377
40515094492964
82381710998017
116560317344960
47353457064871
100977708799731
220193356569278
227731619118862
86590180047651
162833357132530
34948431390389
219660052711871
216740664550251
89076291399629
278806130795599
195448252863741
20175512110937
185009272924033
84710562952848
23485930219363
246883272735101
134016452924383
185788969780762
14755595878197
64893185527493
129802169928948
181398304497368
9414456583331
10349934815831
253712515950845
215553705635078
156443911190081
223309599965532
264724139023974
223180608131395
272705275712108
82961215186057
52900809538605
72713674556512
181794678891579
214885569311747
16381073326805
179754488589816
53984121415877
175074911836287
42489109155020
6158387689316
33353712831700
84528624652395
251748184198843
267110209942105
128318979228166
15479914891428
19024635807339
155229613666496
104781703537558
34786168815303
177566821860577
45785931163749
120604516154208
258204000693168
102439288357405
78721382478083
172618445716818
199936179611295
242174800661419
132396887338110
203576001557439
235947625498091
230317221332361
149168211382608
21399213307655
