32297073008653
200083126984724
207267078086681
64556307275804
152643828416546
123970239234084
34155063476263
263443082387512
93045023277117
85037279019072
212842796310600
18593874731085
87991776813136
106988578406481
118686430576725
163555666108501
42182965272662
50196849811544
99343691792482
172260246880355
232151525498984
62209750851690
8827834597498
156352225861755
61629279101052
13553350254717
55910802555012
72589596467333
138493598392458
104194756485260
188200626258060
7400841887892
272179998687382
160510720163996
190176493125790
22901241831584
25312081100962
223133552033956
61832720433318
223562781147310
262137671377081
47456363741384
110014716281033
39311132893386
271735568269517
213832470773972
240518444875989
211525911019734
124263530291416
100237164921054
165363519652066
81627812249830
267942018392295
96109296533743
53376457826544
49770236666099
64563881197812
72559052030195
47862181282039
270262001090812
63106621407486
31272393818370
222143325315336
274814637310219
79916674973968
197487986827540
258325883060501
258660399595801
83153269408026
31762759368987
103730971590944
93543345611041
236709915787554
260178238857511
122475144110382
76169366495537
32854597493042
42854717317427
252841462710584
163739164320057
167668864721214
150168747540804
178614766780744
143497713123665
173393636786514
223309599965532
277960624202079
275111309484385
10981487231330
151796733763941
90457104294249
16241281098090
33874323407211
265615628231024
196047731007857
79552441393524
111922133401978
274257450893691
4070845874560
46901050909058
90838974161283
37219482722691
168003661308298
19468237242762
10270302626195
260481986158998
31898007159193
155813092934042
86194174607776
238091406328226
123109345780137
15068243394987
144065195442607
99686597329328
112802246377910
73397791867319
28808836981179
25263702852029
217372991152575
186602251395520
190271594529220
90341145190855
212278724616654
233478181290463
109603997450732
88784344769009
146773143216634
98882119197181
96925442155008
151922098102785
128318979228166
153464097849863
244105090572810
160266220257808
215296562291223
102439288357405
134270403944989
269366718194213
229930638017065
211681696080429
14940016624175
28045404357167
198763806876216
173499669463611
8553024504380
110235907703357
255115553874494
278075234107967
113101538386499
136909134586438
232345463153228
240503825343053
125935169782359
49652489232987
31959573144159
273604471882339
90803001590377
85207979328111
104605483213436
4735735792262
95473954996878
53797535064734
154518225502886
78733070615213
77736366252725
6226021368503
76982549217977
218613329543869
82466975654592
27190205612739
10204456338117
116748277670597
144113741267655
33020729377483
90969330336461
268609873928912
222477509976785
44103880663762
16381073326805
56479651267288
31421385286364
271341663322853
267379523412710
92569170125545
157784544748268
153426028249846
253920284746488
6111652389627
76747410703101
83961191416575
97977256502015
142613296988930
214606647313161
81584051479308
184238305420046
78516547461904
84908503180051
166139424211731
67428641563417
208100989084447
72471263748899
234841876046627
95423693284134
170701967418151
33860545757990
30137433113393
212867082994484
145010265957173
228009837617986
101545376547653
175916559098695
246206029914961
205910630130516
232521399747416
234066409939804
265038071858013
135019405673309
84298533618530
235978224616294
178958583194471
216740664550251
46427387446128
252176907404149
234768444031861
276767359943547
141627139916668
168126643651451
269484707980159
227317902795659
53092489798543
104781703537558
80741515740059
178183229522845
267847551493022
217556757652383
210936724341666
167297495991209
36528378831790
180049556513714
174533819728820
106956077163445
48643637928887
12285771465656
84784732169143
216505708471235
254968711807945
60207807980494
163557465539535
240835182592980
247206021694422
101786485965789
8620602328033
150706442994658
125064162083811
263232736035818
20665390113771
57696322839536
151712563889151
142043180467205
203517631751174
45717850645517
146930967397402
235771382334492
232209609081887
230109456630817
48543831802919
103928074978346
2105292997681
207053977773113
208001912013882
181794678891579
192915775562823
278806130795599
140942387594325
96267905729626
276603022238814
72713674556512
215215743648865
141868629378146
271526027322467
65126359966824
133135206753385
12454477087850
176750890026097
197007274697843
122110224532597
105044355228792
33633212589177
129716055278714
258853999436927
209803845641350
82961215186057
166393963668618
172763458512012
209790976033935
155147311187088
151743382955153
227113090614425
206275570754714
101795068478617
230761568576670
28593661142175
85012518184096
172564866057378
9414456583331
25336787027110
114690027127976
102144283370666
242374485542060
238866404263087
105223928710331
36439526057148
60127865095358
112816688735425
198898661835974
69774859715786
97358392272079
50253230892240
272374783141074
50142215365847
177566821860577
77161455789282
187854334461157
8947993617642
253254297363710
55420237022465
58708963796231
79862054946062
232223009473807
4418396718360
134916122010908
179821452707105
38920876631330
238835800646948
133444277011756
51482915276079
92752135169333
91392803259704
101713360831802
209576523810112
250827734058309
250311333479751
174530677548361
34620582831435
15145317344591
24689582114131
114022646031708
236299403019620
84642619000169
212495772648810
59111823091053
160278295446894
178844701943153
95490201249140
205451125499255
258152500847994
106505952085376
142823895418246
232934856050056
230317221332361
10175268914570
112679751222669
119493493941646
26711276094863
230115699893652
277234896627106
188524644410791
103211115840939
238093705069998
273891987277231
254793507300784
100203553703346
81603509102004
219736980473273
266118310086078
88140033705412
6906200581574
39218744419786
200503411729867
38919014761956
197468137301481
81010381932010
235947625498091
239434989479403
160278007514605
46823430465012
58577517716985
197604019242491
16030769366532
202364568159753
128022462875156
67472065660437
94823402202646
185788969780762
112200606434843
267772844664357
268969032803881
31269489452588
117205929141809
71573605566003
26552584963640
16044590884412
253147751458372
129545719760453
138938268747337
273905558742608
97128624113237
180432118900313
144605061760606
19024635807339
81975126345335
213348460480124
48530067621507
100844662810244
7413154825861
106875133716102
182702012728974
33625489835666
59737403770520
275358756071070
199936179611295
195819808753311
177070500218537
52157079971501
279169587390128
34948431390389
5964557485751
269616026846907
247872066225854
149043759466182
148133037377226
117823323301584
186998751233769
256293445551852
170459084916469
135862569051908
278335829714696
240082738382601
162905155307276
36391860799251
171372653168408
156051187287839
260578476631841
106451138250534
182763537286957
198063695644468
13895307478843
69239643326272
41152621807427
275266931918663
169558710093645
167935940273998
31469110093647
56932879632212
67726030858072
20175512110937
88519566796635
117455405336416
122727858751330
23485930219363
175194120177512
5159848224617
45711155423086
123844407666553
17835295352698
250211545089913
239970261968764
221761278502783
185009272924033
224486977865605
50540500412293
222836545890183
191958606382984
208051410364299
63418448267150
14839558702992
250652351539095
58639605589919
105318753511347
18659728869299
256022080161718
121988682459064
3137159079875
31516423563210
139137965025230
259293454460879
11976745297881
116696453638109
61039566030815
159778077632480
276906357819363
53100718516211
109686992619508
71889047349238
123187998959617
14230826436611
225417545426949
254571770718220
280666572392464
280546261567507
53004328273941
68930368210966
261675832428574
24679050872864
107605859026979
187838698391593
220007465461803
246936396367916
231259697186868
89708833654839
117532772395066
266603380942909
209349304444990
10104497383487
172980194920516
281041442555976
208844079917130
219990440167499
146373846788175
118904097146963
184451598567508
12951415302232
168434865129562
53529022015581
3044397205598
88978660100191
70819534481503
45785931163749
190472959641701
51343012382833
145785432688759
167698360641657
120981219657851
181853150136445
188463548295297
118728351049858
206387570501766
44289702791312
257487452244113
261382813796507
263211466139806
41387373332640
15479914891428
117037488965799
178063082277032
52714242812077
223065080244405
176713434900668
221939618982077
57342376044734
34692027574464
271720750975169
129959604127938
53984121415877
245729132046534
45960717936839
177787575027914
213656252213452
184782205528269
252564760209617
181752589797587
157147536795865
132202952886498
232887205398759
162369375217897
14868077111531
253712515950845
100111253629184
108668498430214
195712034539804
6767823907108
17624999233834
189848674142509
227174562236719
132031088462129
195550408280369
221392138553661
21169844439360
96775004457286
226452703275350
212018074126679
223986133502298
106803734432100
11261173844326
2973136972138
241719351372142
46790887459187
141349445724535
169780020062600
264621257492887
251756359436698
184320397158813
192463200496032
229257703106978
199198078470565
189158644124073
101296735201706
126933461633467
27079211379132
219660052711871
279722119023044
69055016511944
272683442604490
83716715350474
173251991562700
132279634651598
36461278816720
84212970850769
147873707993563
10764768520669
221465229191647
264076702476767
189122238433761
239195528145389
74848156592624
278462957136370
90311412211
28698069527028
43071991745010
33133252061687
16465501751800
159577539439108
35675068606981
269775552842249
145236969654798
216925760588307
248668599020056
118842578307616
239279449623073
261679434164775
264360186047016
175912261249580
84607229012533
273108507388470
18417496205900
91947129989712
193679630944848
10349934815831
136245086202460
124139584260702
64380215241316
217886345308777
84428597463661
223200309684849
9022800390770
128401244310132
54490565708405
190632880704126
281250515012224
8062451346052
29871691655816
17146406136457
44776402381457
256537340562
54147751971476
252448634972824
163381138279069
2229524171432
264612376898218
250411355253426
109410101095094
160762259901116
177299906915006
70457645165249
257388468923075
57290961103558
10516468878025
216510689684171
239677338438348
91663459183310
95601209182928
179284855237344
187998832298722
119888710150885
250853244291826
211462134614774
257167004805879
205668496763655
189658963323656
209642793011979
236680298605323
42702926236434
12123028605719
150557206203163
42526394567462
77402506201897
19927413156663
17308726135619
177181741493065
275187053054796
94511456062286
190370768096086
189865410866008
167955153406816
247012857367394
94815640972132
38828751121254
86282784779112
107458830183274
235356759591787
78410502318958
129746222926703
199590248819570
85905854327670
83844338748280
93889828744057
237601998556034
123463579511683
60626413226885
56166442298258
244563972533139
157073823910805
169435968605084
159276198407069
273035960077222
242174800661419
148279063849903
258204000693168
264833942326193
51058086398895
16274319518643
49422372449201
13833656314826
217726468352977
268891794893785
165126536129502
82915488926700
232405160750061
43826946092016
37590296513527
142887853444088
251530795723769
258240561425415
177741974809609
119866025249805
257635201666062
110289208437779
278931377073173
123903178886167
165223656467486
146834087341087
245787250682912
280136963165221
268470788869162
46241812737070
13620795272239
197885841009713
130588553989176
17724224146496
22901073341524
23398483160149
109613722070105
229384843799642
10232184351840
279221999127651
255577574247526
242306643962991
225614987504764
132396887338110
219220665158786
161673173871750
267852333165718
261561205214363
273663014653084
161399888268449
236380315126953
18046167714986
13810568850604
133188741991601
164108291878067
162321035873463
132471125462205
116560317344960
152420756065477
173912146603209
42489109155020
145634495491281
33353712831700
105514352504024
230292046408927
222831829150945
182416519163118
70393349139695
109058805214448
28435714657523
129802169928948
66916648938742
148412502568186
12627628879101
76868978527488
215553705635078
115570096049415
216934789418247
117128243801354
13653006437649
145048004586775
47939631901978
125371388701980
206835773009187
220558964739365
247444750150949
185182977813803
251959709265196
3902068780335
215365748280637
125341798985026
134238880009547
28512359238990
230629797334352
87995766386006
105348731653463
12670366338407
13292394458479
124011304086896
66723978808689
246471962635634
208726665039222
165738206694777
62642387799419
135409397755262
127723474652544
251467864731009
16262016257410
148522047344005
111085208989067
166565907189137
253963729792402
51752489512348
136724061539743
96692525460897
27454870572451
64020630662568
137028699180458
57345430031789
38758492679600
260789702577586
255355376750007
115322511404476
222042452823489
188522887400905
4865691069907
237326084967897
6794157051354
274568858430940
55385676860899
27760748113380
29123627052524
156243537800688
62929465642482
146266610339317
125506756742646
96062007496183
179754488589816
256963491909114
243092725591550
269786095119880
160977768828424
110660277014026
213196446838286
180658991648271
265434142805522
48915397414420
248397026962965
87768614809112
139086851673642
45211424640556
256594290322998
87628864065082
234834509647422
144572585553473
147783943368263
271333274594889
33162589720143
171270749171280
95745653837405
194756401163876
136720382643813
147241235689063
110642824040044
147936940224114
19398802493043
264831171767925
143105101303420
98497264709246
44404547882623
22290908688008
1870333988489
85500169506452
189135098646168
232629470875293
20971820388006
174711031836339
26183452405428
9501419196085
81667352743606
100629729636023
251748184198843
3474654039741
246825494277822
64893185527493
14566042840774
161080271490766
1266944560847
147660911562449
189341771378388
106523188416215
230732534763229
57864643628766
276690169622258
156288955281145
111271430786812
232378363719421
158112026423039
11592573488900
235755458326277
250783863623429
186691642158856
51197624561417
236365922766603
277452541898511
231175724936976
91664266776338
160349719359251
26268729855764
108919229755167
94569449877293
199216882216752
152158092717895
167408627412808
62336990883661
92085888798543
122639134134098
221732356575062
42411112247132
55342695354206
262736117919585
121337244151663
152612722986866
90221172248438
128023969140599
203551936548728
221974544068477
109697238880125
70950267129732
97485649293199
270336733638544
52119968944018
56189399314323
232333231984530
211681905160086
196052927598494
210554853142437
269125688864679
106035983904682
131858488766384
465588572082
176126793379765
241841883328445
21238975500227
12380712071113
155342458679243
89076291399629
86217892745167
270967889317846
71815096676320
260014514606049
225446845525990
243785517035496
79849649803257
242668261871610
222021735452667
16487942803466
213537961701387
215176118054922
59034519121935
100269875990545
132912482521111
138716036755483
256697051664413
171407686750238
65758628909099
88397086666798
269672943095859
39780029632568
29251210342458
231800341196864
252845851070529
268779576963137
113200772182085
244098418184276
85302718615641
31882792349786
79243159359581
84528624652395
268755447705712
16424567566449
281400534806645
116753315680377
238827627933820
106362400813182
84464237301891
193532087988361
201751767904406
114378115420311
148068970401948
213228403560605
208971678421153
278037293297826
240994044416163
242459297755302
236269904818343
113363472380078
25028603613363
238529112551610
194279358361788
155229613666496
209223246966982
275851877798088
56573667258572
231698067763411
130632866869462
267627034177752
200132122955993
192511229268202
255491686977773
102348681425136
25542206222586
78721382478083
148596114919692
194001317368081
63982532301082
146407970361629
12183782977827
221392655175973
269878418526523
1459339358529
223180608131395
95781012484422
47950397223240
184997985530185
149168211382608
104315139551573
212656807317850
183116711539035
239207790268763
243003034235229
15575704236387
252475779920236
93395729641840
220201590632818
120065599418741
150138500862326
49381769122175
71317284639105
112296715284870
212170312356231
229173798007189
231504017871254
62941475180951
268321068290456
61951375552940
220254424527278
210063699661233
109492822577592
219251902132667
182632824648126
275799956378060
214710629560782
115574468424145
133388829979095
121208354886108
57075471323621
84485473513959
59182530048490
139426017300976
62813103403507
2707360158198
177457339314681
179046098596346
111836482351612
57482523300350
140011083411976
70827907363337
150577778831882
155393210757643
6682783937039
192074036285970
2457430749722
56811167101470
248973434901045
108814045622839
182401858294328
139521686172229
174027489464902
261270478574151
181012112724555
234141776024140
107907566801486
194590465774163
267110209942105
258463537918565
62087020106344
272705275712108
258095644619373
146090070192755
12583552848504
191143360877179
43714890052228
87371378823821
207989138436759
81059077984921
75384940122779
277517885780638
26606468133537
225493691544240
52495074087615
33775073325769
165114827641550
258200779756247
166615357887200
26844716077795
274081632408292
79895956419303
63450619638507
261132157219569
162833357132530
172421593723638
255260584948472
195415681078012
131302630912780
200586134991629
52405613253389
102477503296272
269670385472274
239507709678360
56947592581925
53913640735531
184582593508144
34934590722871
79371904766792
5683223319386
123511858393948
262365025162082
45560267354987
265110174094193
211041781175160
168921180476281
164589006959489
191197736711045
22356097995656
71181727986569
60154224448396
6966689919886
93567781016478
185831123235744
100760378397602
138723889394596
274654381069223
171221652001710
35348154430382
59327347758003
153587751605173
163858490028982
203576001557439
159480313713600
28734346679237
215532971226061
51212113302478
78289730507731
184221299586004
51002640528342
228245803815896
15998137144281
134016452924383
273135093273575
93095542715368
280524717159402
71209609491441
152889903789044
249800987980789
76500627330042
62337118606331
214885569311747
114417920324612
104476909097994
17602590528523
182190606316561
279169650381843
129844066563098
274180326216731
205475236697126
136611474633772
125751341290547
267603830740028
260600650552383
4652653089857
34832754947138
70963083793482
65504382399574
106310810670167
166637618967647
134301898429538
253699889198181
131170959365224
52096365909102
61188857353332
217384765076614
261402876998791
186721003967627
212610048832663
133596823098526
189845691618475
133443297121454
924074906803
226086774142136
249500755473599
134886461519043
27238394352839
156917210494155
190225536308432
66805895468241
95706964112592
210030684337372
97031663736031
49206807467235
99188826739946
87638935590130
39168752104695
195448252863741
42896425334025
243806354797841
81485830133014
234443348473115
211123263092010
213718413759787
80281512957227
257473016165688
202898588677433
229185701246266
141913555195195
175001233315132
43503099704637
112034624755018
158231590540621
84739348247888
179992625657175
247046346224985
65858747250011
187186350806370
211031480702315
8057237861745
134466973545842
233611668641140
32373178635645
58269738587520
63172717557126
253856136320391
152234251572616
159601076852110
13600038221203
274583714764181
116802928407960
40854605329824
268047196100001
66315690956194
110578529293742
58759222965681
148427824305588
205228356375992
279678607832506
63846810293694
65444074960326
279690643502537
2179234641357
205038759835090
192897706235347
131082706261459
141597966259669
227455715259862
40633377560027
71095445345756
12813948949989
147280404633063
84597691594230
9798098236919
92712517776894
10383777617425
233302989288983
89096296052248
27342926419488
149413811852835
86626856310311
27655633966640
221967754524210
271800953935412
156443911190081
162241545434698
196759172798027
266538576336461
141505413862995
82973144897115
280175987766877
110932573615712
80226947479144
232300149503599
221066451998319
35525871818357
18521740301944
53951754458745
151676021626502
280712566503052
84710562952848
142284637566621
68099337172640
52534357071528
20091578783408
223454504842937
83984808416953
11025063474879
64094701033164
107198253414101
145536109663961
76185362699996
196532613379805
85711132137183
257311933265635
19231934273251
158161095030507
224619689858796
28121322313454
165948076037871
100977708799731
21837458306816
21399213307655
213041008580361
235619553670923
208220217235213
944899544856
61158250960665
183693952710425
272763037669144
174944561575709
40515094492964
127096652044079
202513334515504
144054854244145
182060408174390
124342965319488
150222525978449
52497190926167
67084971128670
6158387689316
258486566139751
36456705300332
165067046377327
207069240481648
42237418182515
210205555513204
238996460033920
209483823126412
113143918106517
30486874822557
233688426649508
99061318612907
76054930102190
234536184633263
269285821814705
193033625352116
242298975623097
218023963424698
54114712123330
101601727100867
18991106758600
61412327929816
93789553399781
69223696037864
217184141866986
254561188993006
230170750588911
66818098812912
244298700109812
229380112537592
19315491387385
50302021408764
213419001927682
70855294203906
194681279084548
85788525090823
176269314349068
18494803621904
159877912262681
275653267798047
208055010015270
126459415435302
226797245716522
151239063238700
87340339271727
211343455582261
157369550854200
50049212971065
162119191722042
148166944110652
216751180486723
1553150785604
112003725334597
191197393565770
108939907291217
115379828332635
255988335392862
272588749240416
202397153998945
167007818758246
139292855482473
139062590511213
38623832807534
47965255522416
217764328511603
175074911836287
200664802703490
276809168058501
50067380336781
116508589652112
65989342345377
222514046261416
32610212083891
261161009600695
78186426685626
235272675702971
270571366758588
158685305247931
66761030695102
145901078337730
139398611138758
180463113812171
191462746405072
1041163270359
64466827761882
111908414994673
274660584118516
52461525752055
209168333904127
31696923015426
15951660079363
172595568261388
62061320673549
188166727784719
264354883680529
239084544178451
92553358760213
112983924373782
129144724379931
186991818946846
244430363351327
214599258429731
200585564477732
121175160125733
194064490944810
69334674528558
138103830108468
228748811688245
239443377158457
145931054217534
154503853291840
79560173525313
195075807402306
251435839494476
120312835021141
225849854523736
273241138583908
156752684136805
72835076913517
247480677849454
246883272735101
186520002206078
269568434272639
143609601767810
54850701973899
69331444865422
221293646043535
102171128207769
81901706394011
45446013434268
214712156617119
9093669222816
184973945387432
152535914863022
138053355985330
254701516765620
1715212933562
86005257075142
51113874553290
124287958718923
280797166401999
40096753293776
63317840771538
57641710762454
92738744015319
281097065904602
14293369780700
177514495752675
131571849058790
172566987332079
103121378105844
196901585934837
26037675915766
53921362024952
246574599838203
260381688838651
42270055021053
165597882866174
52903952439807
154133509978624
82381710998017
82617980008966
11610853923335
100242798041615
108425094806040
141946109237791
237353657768480
241595089173029
92788831255082
171649393957419
158710844938796
218029269793325
220692821203503
121696042768944
11376953694772
267098368408131
120700215614020
119803260942919
52308864088654
233473121090127
277864210053714
108503233190488
126853146884699
138359680064102
264732343925355
90619938708077
4774873471599
57751347239539
182667821587062
105962012416640
210152484403844
59344313760392
232466243115663
256800489691792
227318827211407
154737790212754
152838333094563
54765923801764
164153517988519
59731427007144
156203852176041
113410290547378
132601618201268
157197272619708
220193356569278
49451529321151
37775249578694
267034913102546
255610366786259
159854950390491
89877760334556
188765064829662
227696400898788
117572018944744
112188552567535
232392130239219
63945730923278
90254953503509
187060692482840
150358115113757
109520323615518
152034708167457
143275685526306
86590180047651
199224061844260
205743569361714
189159164746553
233338436672315
130472477416253
272930915097408
115387589778242
254865941363538
128833612831581
120604516154208
196101803858785
30224858733411
116656701520739
134414616189804
204062985206647
253385069517691
121921158544253
253425075190656
94664916417410
103305341008775
96305479162759
144750224685960
63780145249164
276867418913687
128603361123223
126162553944985
52549117533083
128533207456669
161709788044196
245203895843750
47353457064871
131771034975145
62542995291052
2888823716786
229202454444981
187997981768634
156173703306178
210148238187460
52051386661829
78440637062088
202281522011085
193462537460690
149147940781014
209958870055898
277415251418078
244565021703144
59939321969642
192238291803118
52694573161456
208142066670588
242898459327485
174395556666367
223249727855617
212580693621762
200822398336011
46191160450060
179691836349457
259455219727379
170698456972315
46241064508447
36328265079841
146060948298786
266380013788196
65181840661542
263539161168937
250038606707754
52900809538605
59206042532921
51889655635005
137741530135613
18532558847041
115384780053570
216459926133828
274156640197707
75532195691595
67984947526733
90662447488083
205047791213654
29364652809318
231694630141044
156607683591295
262122301242498
236755945045123
206277229485188
145999698287751
121814313696394
213336629533836
92214108748947
135543610350740
84634799479957
169882420812951
279978266713241
13413709790362
229979602173088
133907160276130
170210132196516
241237190532262
4876270976171
18588784352429
175987574111405
5068468772024
193808612752569
1258393902267
111626136378564
115344687709391
53867391671509
276181600476374
8857391619290
781878451422
145078369869026
230189958716644
29944416795879
227304759024871
243749184347369
170308508957929
228505571491051
166589068516593
266970205625588
29488630824190
48330569014527
32359879040257
229504400809218
36099144301829
193264628735242
95606629801231
83443419831572
272276106419478
181594924637465
230179413040413
177350804815148
21333971082542
142260984470834
151132166077756
191521138335039
115794588876099
165420350758212
42852162362693
168016641047880
199909201452364
196500878237009
172618445716818
26059224751451
77233526840669
77619860077933
159103863569778
11450348428661
132655252168058
238895011061118
123554597862794
203714593324438
249227364728220
108334714453404
121668049419684
279686832111016
266101876555177
193325132225961
260475163164074
226918918200752
251815778565554
209186557124019
29897974472116
96065442430395
49106118434236
16770459475391
114375052639686
210567605943755
241052543761870
119995104288208
153551165955538
256332091022810
265819406392797
15103181635045
43923609632231
257227607670249
129179135106540
53346790579694
28058625089008
117791985753591
3493565693443
243033271950853
241775194185222
84220711042595
187392407027237
152801051606566
211871258992168
3075242303018
174124370927154
68227040796215
112109388389944
250223666126393
200130066153023
148452249599558
29763476176466
197983443943002
250204079709791
248828105326177
35855215697508
264724139023974
248878944075369
248456435031659
67646048820854
35610277035642
172525725843068
147229055049342
177341044072072
205112974433937
183520132521619
85056038321812
168278344482451
189160824667801
117492306034331
81162828308131
178384141090470
201757566615208
90103945682601
208510428389044
100689389518518
231655007125180
272134380969663
42720558079681
58852968570563
34786168815303
210939530804942
269164263513812
47982557429460
181398304497368
178229640871646
140971605458655
187660640894694
121084913483496
266428589399789
74556489760497
184684546612981
277432490712822
85202104663800
177303974526721
100473004924678
37174889217805
227731619118862
17046397878033
281120054689558
25151302426411
168842374283060
14755595878197
270006067527478
110645675999039
215960498855745
224105156632386
154803677306698
265128978030418
168090821836629
27652478705495
34266633641815
257579189772123
58564655497059
57092660297577
149384298119019
75907624722284
270390279192429
144006176472943
119259893841778
62894406041459
3879051444086
175126122282882
88284657049475
121827302653828
223378410020749
57199588769682
271644618432406
76315765456791
12716557729694
219815396368290
104410602381222
66116068188080
257937915666354
194868338368438
108307943014329
50284829343675
227465061769153
260143335153607
207225156894670
221407991291859
102159496200148
76861425549274
281240081145819
242883706986466
255440674406380
193265408974829
127628614139886
32778530652148
258094771445754
198102986907644
