70855294203906
14230826436611
16487942803466
254571770718220
280666572392464
100269875990545
200083126984724
68930368210966
159877912262681
261675832428574
151239063238700
186143616067632
269672943095859
231259697186868
88388949526582
39780029632568
50049212971065
117532772395066
157369550854200
93045023277117
1553150785604
112003725334597
113200772182085
212842796310600
191197393565770
219990440167499
87991776813136
108939907291217
118904097146963
184451598567508
163555666108501
50196849811544
79243159359581
53529022015581
45785931163749
167007818758246
232151525498984
84528624652395
268755447705712
16424567566449
281400534806645
145785432688759
116753315680377
8827834597498
120981219657851
167698360641657
13553350254717
106362400813182
175074911836287
156352225861755
188463548295297
200664802703490
210141206501508
72589596467333
206387570501766
276809168058501
193532087988361
7400841887892
148068970401948
190176493125790
208971678421153
25312081100962
240994044416163
223133552033956
15479914891428
65989342345377
236269904818343
117037488965799
178063082277032
52714242812077
223562781147310
32610212083891
25028603613363
261161009600695
238529112551610
158685305247931
176713434900668
194279358361788
57342376044734
34692027574464
155229613666496
145901078337730
53984121415877
245729132046534
275851877798088
39311132893386
184782205528269
271735568269517
252564760209617
211525911019734
200132122955993
157147536795865
165363519652066
81627812249830
232887205398759
162369375217897
192511229268202
255491686977773
102348681425136
111908414994673
274660584118516
47862181282039
52461525752055
270262001090812
253712515950845
209168333904127
31696923015426
15951660079363
78721382478083
222143325315336
274814637310219
148596114919692
62061320673549
79916674973968
264354883680529
194001317368081
239084544178451
197487986827540
258325883060501
112983924373782
63982532301082
31762759368987
129144724379931
146407970361629
186991818946846
93543345611041
236709915787554
194064490944810
17624999233834
69334674528558
76169366495537
132031088462129
252841462710584
163739164320057
239443377158457
173023193375034
1459339358529
79560173525313
223180608131395
195075807402306
96775004457286
184997985530185
149168211382608
143497713123665
173393636786514
104315139551573
120312835021141
226452703275350
225849854523736
223986133502298
223309599965532
277960624202079
10981487231330
106803734432100
156752684136805
11261173844326
2973136972138
16241281098090
252475779920236
220201590632818
79552441393524
150138500862326
111922133401978
246883272735101
269568434272639
49381769122175
71317284639105
143609601767810
212170312356231
69331444865422
10270302626195
229173798007189
31898007159193
155813092934042
102171128207769
45446013434268
9093669222816
238091406328226
184973945387432
189158644124073
101296735201706
61951375552940
220254424527278
144065195442607
99686597329328
254701516765620
112802246377910
109492822577592
126933461633467
28808836981179
27079211379132
182632824648126
219660052711871
217372991152575
186602251395520
77417546734018
190271594529220
90341145190855
69055016511944
173251991562700
212278724616654
132279634651598
36461278816720
115574468424145
84212970850769
133388829979095
281097065904602
10764768520669
233478181290463
221465229191647
189122238433761
57075471323621
131571849058790
59182530048490
109603997450732
172566987332079
74848156592624
43071991745010
90311412211
16465501751800
177457339314681
246574599838203
42270055021053
98882119197181
57482523300350
154133509978624
151922098102785
82381710998017
35675068606981
82617980008966
153464097849863
140011083411976
70827907363337
128318979228166
11610853923335
100242798041615
6682783937039
160266220257808
108425094806040
2457430749722
102439288357405
56811167101470
261679434164775
264360186047016
171649393957419
211681696080429
123115244587566
14940016624175
121696042768944
220692821203503
11376953694772
84607229012533
8553024504380
110235907703357
267098368408131
139521686172229
181012112724555
232345463153228
240503825343053
107907566801486
233473121090127
10349934815831
267110209942105
49652489232987
126853146884699
64380215241316
258463537918565
62087020106344
90803001590377
217886345308777
241755171258986
272705275712108
258095644619373
84428597463661
9022800390770
146090070192755
57751347239539
191143360877179
190632880704126
105962012416640
8062451346052
4735735792262
59344313760392
17146406136457
95473954996878
44776402381457
256537340562
54147751971476
53797535064734
152838333094563
78733070615213
113410290547378
132601618201268
109410101095094
76982549217977
220193356569278
82466975654592
257388468923075
27190205612739
43315218991812
216510689684171
33020729377483
91663459183310
268609873928912
267034913102546
255610366786259
16381073326805
56479651267288
89877760334556
31421385286364
179284855237344
187998832298722
274081632408292
119888710150885
271341663322853
267379523412710
79895956419303
92569170125545
250853244291826
232392130239219
162833357132530
153426028249846
6111652389627
195415681078012
142613296988930
209642793011979
81584051479308
63945730923278
184238305420046
102477503296272
42702926236434
90254953503509
239507709678360
67428641563417
109520323615518
72471263748899
199224061844260
56947592581925
86590180047651
170701967418151
30137433113393
205743569361714
212867082994484
19927413156663
275187053054796
246206029914961
254865941363538
189865410866008
128833612831581
265038071858013
167955153406816
120604516154208
84298533618530
116656701520739
235978224616294
178958583194471
235356759591787
216740664550251
189682065331052
78410502318958
199590248819570
85905854327670
204062985206647
83844338748280
211041781175160
276767359943547
141627139916668
121921158544253
253385069517691
164589006959489
94664916417410
191197736711045
22356097995656
6966689919886
56166442298258
244563972533139
99593745011604
104781703537558
276867418913687
52549117533083
169435968605084
178183229522845
128533207456669
217556757652383
185831123235744
210936724341666
161709788044196
273035960077222
274654381069223
47353457064871
242174800661419
171221652001710
148279063849903
258204000693168
59327347758003
174533819728820
229202454444981
153587751605173
203576001557439
159480313713600
156173703306178
210148238187460
28734346679237
78440637062088
215532971226061
202281522011085
193462537460690
240835182592980
51002640528342
149147940781014
15998137144281
96970234790876
165126536129502
134016452924383
8620602328033
150706442994658
93095542715368
280524717159402
82915488926700
52694573161456
71209609491441
87684456909810
249800987980789
208142066670588
174395556666367
212580693621762
214885569311747
114417920324612
142043180467205
17602590528523
200822398336011
119866025249805
45717850645517
257635201666062
279169650381843
110289208437779
129844066563098
274180326216731
170698456972315
232209609081887
245787250682912
36328265079841
46241064508447
205475236697126
48543831802919
250038606707754
52900809538605
174003057804334
59206042532921
207053977773113
181794678891579
260600650552383
17724224146496
18532558847041
34832754947138
192915775562823
70963083793482
278806130795599
23398483160149
140942387594325
65504382399574
229384843799642
276603022238814
166637618967647
72713674556512
271526027322467
279221999127651
253699889198181
12454477087850
61188857353332
105044355228792
225614987504764
132396887338110
156607683591295
258853999436927
209803845641350
261402876998791
161673173871750
82961215186057
213336629533836
155147311187088
135543610350740
84634799479957
267852333165718
212610048832663
169882420812951
279978266713241
227113090614425
13413709790362
273663014653084
28593661142175
85012518184096
133907160276130
9414456583331
170210132196516
241237190532262
102144283370666
189845691618475
242374485542060
18588784352429
238866404263087
133188741991601
5068468772024
226086774142136
105223928710331
116560317344960
111626136378564
27238394352839
42489109155020
97358392272079
190225536308432
145634495491281
115344687709391
66805895468241
33353712831700
272374783141074
276181600476374
50142215365847
105514352504024
210030684337372
781878451422
222831829150945
177566821860577
145078369869026
228505571491051
182416519163118
109058805214448
28435714657523
266970205625588
129802169928948
66916648938742
148412502568186
12627628879101
253254297363710
48330569014527
195448252863741
55420237022465
32359879040257
215553705635078
115570096049415
58708963796231
117128243801354
232223009473807
81485830133014
4418396718360
181594924637465
47939631901978
134916122010908
238835800646948
211123263092010
80281512957227
177350804815148
3902068780335
92752135169333
91392803259704
101713360831802
175001233315132
43503099704637
215365748280637
209576523810112
115794588876099
165420350758212
250827734058309
42852162362693
168016641047880
112034624755018
34620582831435
199909201452364
196500878237009
172618445716818
24689582114131
236777231541594
114022646031708
212495772648810
59111823091053
160278295446894
13292394458479
124011304086896
66723978808689
246471962635634
178844701943153
205451125499255
165738206694777
132655252168058
32373178635645
106505952085376
251467864731009
127723474652544
148522047344005
232934856050056
230317221332361
123554597862794
112679751222669
159601076852110
47377168596368
253963729792402
274583714764181
203714593324438
136724061539743
40854605329824
268047196100001
96692525460897
27454870572451
279686832111016
57345430031789
273891987277231
226918918200752
254793507300784
251815778565554
209186557124019
148427824305588
100203553703346
279678607832506
115322511404476
63846810293694
16770459475391
88140033705412
65444074960326
39218744419786
210567605943755
200503411729867
153551165955538
192897706235347
4865691069907
71095445345756
12813948949989
15103181635045
43923609632231
147280404633063
257227607670249
235947625498091
129179135106540
62929465642482
46823430465012
146266610339317
84597691594230
9798098236919
96062007496183
179754488589816
256963491909114
197604019242491
243092725591550
3493565693443
42192751941126
160977768828424
110660277014026
213196446838286
10383777617425
128022462875156
248397026962965
67472065660437
94823402202646
89096296052248
185788969780762
27342926419488
84220711042595
149413811852835
267772844664357
187392407027237
86626856310311
152801051606566
31269489452588
117205929141809
221967754524210
71573605566003
68227040796215
234834509647422
156443911190081
253147751458372
148452249599558
138938268747337
162241545434698
273905558742608
110932573615712
248828105326177
194756401163876
35855215697508
264724139023974
80226947479144
19024635807339
273039102883438
221066451998319
19398802493043
18521740301944
35610277035642
172525725843068
228043175925376
48530067621507
151676021626502
280712566503052
84710562952848
33625489835666
183520132521619
59737403770520
189160824667801
117492306034331
199936179611295
81162828308131
178384141090470
52534357071528
90103945682601
177070500218537
52157079971501
149268828673714
9501419196085
81667352743606
34948431390389
251748184198843
3474654039741
247872066225854
272134380969663
11025063474879
64893185527493
149043759466182
34786168815303
148133037377226
64094701033164
161080271490766
269164263513812
106523188416215
181398304497368
76185362699996
230732534763229
178229640871646
140971605458655
85711132137183
257311933265635
121084913483496
186998751233769
198102986907644
74556489760497
276690169622258
100977708799731
170459084916469
184684546612981
277432490712822
85202104663800
158112026423039
21837458306816
135862569051908
235755458326277
21399213307655
278335829714696
51197624561417
240082738382601
235619553670923
227731619118862
277452541898511
231175724936976
160349719359251
26268729855764
281120054689558
61158250960665
174944561575709
260578476631841
40515094492964
106451138250534
94569449877293
182763537286957
127096652044079
199216882216752
202513334515504
168842374283060
198063695644468
182060408174390
14755595878197
152158092717895
275266931918663
154803677306698
169558710093645
167935940273998
31469110093647
27652478705495
52497190926167
20175512110937
88519566796635
42411112247132
55342695354206
117455405336416
122727858751330
23485930219363
6158387689316
5159848224617
57092660297577
36456705300332
75907624722284
45711155423086
165067046377327
121337244151663
62894406041459
42237418182515
17835295352698
185009272924033
70950267129732
222836545890183
209483823126412
97485649293199
14839558702992
113143918106517
271644618432406
250652351539095
76315765456791
84259153862552
196052927598494
210554853142437
99061318612907
234536184633263
269285821814705
105318753511347
194868338368438
242298975623097
50284829343675
227465061769153
21238975500227
3137159079875
12380712071113
31516423563210
89076291399629
259293454460879
86217892745167
221407991291859
76861425549274
281240081145819
159778077632480
225446845525990
243785517035496
217184141866986
127628614139886
244298700109812
229380112537592
222021735452667
50302021408764
