212610048832663
104315139551573
1459339358529
271526027322467
90103945682601
17602590528523
271341663322853
117037488965799
42237418182515
84212970850769
11025063474879
215365748280637
170701967418151
156752684136805
84428597463661
121337244151663
129144724379931
239443377158457
25028603613363
194001317368081
108939907291217
90311412211
174395556666367
13553350254717
42270055021053
49381769122175
33020729377483
57092660297577
36328265079841
267098368408131
52549117533083
242298975623097
187392407027237
147280404633063
52497190926167
67472065660437
188463548295297
27454870572451
145785432688759
84607229012533
133388829979095
84634799479957
115344687709391
271735568269517
167698360641657
126853146884699
157147536795865
28808836981179
3137159079875
96692525460897
96062007496183
153587751605173
57345430031789
238866404263087
6682783937039
45717850645517
24689582114131
133188741991601
110289208437779
178844701943153
28734346679237
261402876998791
257227607670249
34620582831435
31469110093647
169558710093645
6111652389627
159877912262681
183520132521619
71209609491441
82381710998017
86590180047651
276809168058501
46241064508447
275266931918663
128533207456669
240082738382601
216740664550251
177566821860577
78721382478083
102171128207769
156352225861755
20175512110937
181794678891579
102439288357405
199936179611295
235947625498091
230317221332361
230732534763229
277960624202079
138938268747337
189845691618475
90341145190855
235755458326277
274180326216731
59206042532921
182763537286957
220692821203503
274654381069223
12813948949989
12627628879101
156607683591295
184684546612981
19927413156663
146090070192755
145634495491281
255491686977773
172566987332079
82466975654592
281120054689558
259293454460879
215532971226061
4865691069907
76169366495537
210567605943755
90803001590377
208971678421153
27190205612739
52461525752055
34948431390389
113200772182085
210030684337372
272374783141074
152801051606566
87991776813136
58708963796231
70963083793482
160266220257808
131571849058790
142613296988930
280712566503052
279978266713241
253385069517691
231175724936976
149147940781014
127723474652544
100203553703346
194279358361788
42852162362693
11610853923335
227465061769153
257311933265635
149413811852835
32359879040257
17835295352698
210148238187460
200083126984724
154803677306698
217372991152575
93045023277117
132279634651598
157369550854200
53529022015581
85711132137183
56811167101470
222143325315336
140942387594325
76315765456791
187998832298722
252475779920236
185831123235744
66916648938742
233478181290463
161673173871750
254793507300784
128833612831581
