264360186047016
236709915787554
61951375552940
148452249599558
274081632408292
124011304086896
184451598567508
234834509647422
101296735201706
69334674528558
134916122010908
59737403770520
182060408174390
273905558742608
42702926236434
79552441393524
123554597862794
159778077632480
213336629533836
83844338748280
167935940273998
168842374283060
155813092934042
109492822577592
199216882216752
205475236697126
250853244291826
63945730923278
112034624755018
280666572392464
93095542715368
205743569361714
16241281098090
165363519652066
268609873928912
278335829714696
57482523300350
223133552033956
36456705300332
50302021408764
31696923015426
182416519163118
153426028249846
209576523810112
110660277014026
22356097995656
82617980008966
81485830133014
148596114919692
190176493125790
8553024504380
174533819728820
240994044416163
113143918106517
128022462875156
253147751458372
225614987504764
256963491909114
267034913102546
121921158544253
219990440167499
162369375217897
50142215365847
143609601767810
232345463153228
241237190532262
89877760334556
226452703275350
6966689919886
229380112537592
225446845525990
203714593324438
59182530048490
199590248819570
50196849811544
223986133502298
258853999436927
258204000693168
145901078337730
275851877798088
72713674556512
222836545890183
67428641563417
33353712831700
45446013434268
66805895468241
158112026423039
246206029914961
86626856310311
56166442298258
9093669222816
164589006959489
234536184633263
52714242812077
197604019242491
239507709678360
68227040796215
2457430749722
105514352504024
194868338368438
10764768520669
220254424527278
160278295446894
34692027574464
190271594529220
28435714657523
253699889198181
54147751971476
39218744419786
279686832111016
132655252168058
261675832428574
21837458306816
114417920324612
25312081100962
155147311187088
177350804815148
166637618967647
184997985530185
233473121090127
57751347239539
170698456972315
65444074960326
279678607832506
276603022238814
84220711042595
195448252863741
99061318612907
64094701033164
117492306034331
85905854327670
15103181635045
202281522011085
113410290547378
91392803259704
47353457064871
35610277035642
161080271490766
4735735792262
200503411729867
276767359943547
211681696080429
254865941363538
42411112247132
55420237022465
3902068780335
86217892745167
168016641047880
167007818758246
76982549217977
82915488926700
112003725334597
192897706235347
207053977773113
6158387689316
258325883060501
195075807402306
167955153406816
64380215241316
182632824648126
64893185527493
118904097146963
34832754947138
266970205625588
115570096049415
227113090614425
194064490944810
102348681425136
63982532301082
269285821814705
212842796310600
194756401163876
247872066225854
81667352743606
105962012416640
148279063849903
18588784352429
63846810293694
47862181282039
211525911019734
115322511404476
10349934815831
217886345308777
102144283370666
27079211379132
101713360831802
268755447705712
146266610339317
27342926419488
33625489835666
89096296052248
257388468923075
31269489452588
46823430465012
132031088462129
221465229191647
52534357071528
70827907363337
256537340562
781878451422
70950267129732
260578476631841
65504382399574
148068970401948
223562781147310
221967754524210
149043759466182
14230826436611
107907566801486
175001233315132
226086774142136
273663014653084
109410101095094
70855294203906
225849854523736
228505571491051
238091406328226
82961215186057
61188857353332
13413709790362
179284855237344
9501419196085
81627812249830
165126536129502
240503825343053
276867418913687
105318753511347
9414456583331
185009272924033
8620602328033
265038071858013
242374485542060
80281512957227
96775004457286
74848156592624
117455405336416
47939631901978
120981219657851
209642793011979
238529112551610
221066451998319
136724061539743
261679434164775
65989342345377
100269875990545
116656701520739
163555666108501
146407970361629
45785931163749
16770459475391
135862569051908
246574599838203
154133509978624
108425094806040
61158250960665
92788831255082
227304759024871
223180608131395
264354883680529
152034708167457
266101876555177
92752135169333
115794588876099
268779576963137
51889655635005
94569449877293
128023969140599
228748811688245
267772844664357
166139424211731
272134380969663
1041163270359
247444750150949
157073823910805
145931054217534
38919014761956
19024635807339
32610212083891
234768444031861
183116711539035
33775073325769
84784732169143
193532087988361
242174800661419
75384940122779
274156640197707
174530677548361
204062985206647
223454504842937
243749184347369
74556489760497
214712156617119
88978660100191
103305341008775
33162589720143
50540500412293
214885569311747
266538576336461
196901585934837
10204456338117
233302989288983
107198253414101
232466243115663
250211545089913
275111309484385
188166727784719
44776402381457
181012112724555
72471263748899
248397026962965
260600650552383
254571770718220
16424567566449
278806130795599
142284637566621
90838974161283
163739164320057
31898007159193
153464097849863
273035960077222
108814045622839
209168333904127
191197736711045
160349719359251
35675068606981
49770236666099
10270302626195
150222525978449
236269904818343
200586134991629
13600038221203
261132157219569
240835182592980
108919229755167
111085208989067
96267905729626
138723889394596
263539161168937
14940016624175
100977708799731
119866025249805
71573605566003
232521399747416
9022800390770
85202104663800
267110209942105
125506756742646
229979602173088
27238394352839
55385676860899
146060948298786
17232939552040
230179413040413
42720558079681
277864210053714
14868077111531
106523188416215
200132122955993
49652489232987
32373178635645
116753315680377
274568858430940
93543345611041
119888710150885
62894406041459
232223009473807
260014514606049
43503099704637
141627139916668
267852333165718
196052927598494
165420350758212
196500878237009
29488630824190
31762759368987
184782205528269
115574468424145
269568434272639
216510689684171
98882119197181
151922098102785
43923609632231
144065195442607
265819406392797
83961191416575
232887205398759
205451125499255
16381073326805
168921180476281
221974544068477
200822398336011
177514495752675
52096365909102
69774859715786
90662447488083
15998137144281
244563972533139
186520002206078
3474654039741
136720382643813
27652478705495
187838698391593
54850701973899
233338436672315
99343691792482
228245803815896
152838333094563
215296562291223
180432118900313
182667821587062
177070500218537
258095644619373
95473954996878
132601618201268
41152621807427
36461278816720
232405160750061
222831829150945
200664802703490
59344313760392
13895307478843
117128243801354
37174889217805
26059224751451
17724224146496
92569170125545
148412502568186
105223928710331
255610366786259
112679751222669
169882420812951
281240081145819
96109296533743
250827734058309
248828105326177
97485649293199
72589596467333
193265408974829
100242798041615
261382813796507
70457645165249
70393349139695
119803260942919
112296715284870
10104497383487
59327347758003
121175160125733
264833942326193
218613329543869
251467864731009
268047196100001
258486566139751
17146406136457
34155063476263
45960717936839
266380013788196
243033271950853
117205929141809
140971605458655
222021735452667
5159848224617
142043180467205
59111823091053
219660052711871
179691836349457
97358392272079
212170312356231
170459084916469
192511229268202
225493691544240
229173798007189
120312835021141
175194120177512
209186557124019
14755595878197
269878418526523
277452541898511
50067380336781
15951660079363
274814637310219
279221999127651
235619553670923
217556757652383
266603380942909
34786168815303
123903178886167
21238975500227
67984947526733
48530067621507
250652351539095
189158644124073
63450619638507
18532558847041
157784544748268
64466827761882
229202454444981
203576001557439
193808612752569
12380712071113
281400534806645
78733070615213
85207979328111
178183229522845
177457339314681
178958583194471
181594924637465
165948076037871
261161009600695
56947592581925
160278007514605
189122238433761
194590465774163
79895956419303
110235907703357
51197624561417
279169650381843
9798098236919
3493565693443
111908414994673
66723978808689
109613722070105
229930638017065
79243159359581
271333274594889
125064162083811
174944561575709
248973434901045
113101538386499
171649393957419
10383777617425
152158092717895
34934590722871
23398483160149
23485930219363
112816688735425
88519566796635
250204079709791
53984121415877
165738206694777
126933461633467
89708833654839
79560173525313
165067046377327
249800987980789
221407991291859
242306643962991
53867391671509
62941475180951
123505501974647
15068243394987
251748184198843
235356759591787
80741515740059
15575704236387
92085888798543
62061320673549
210063699661233
210554853142437
177181741493065
232209609081887
106988578406481
151712563889151
139521686172229
239084544178451
156443911190081
167297495991209
192915775562823
196532613379805
134016452924383
151796733763941
101786485965789
181853150136445
134238880009547
197468137301481
92738744015319
270390279192429
4876270976171
62336990883661
97128624113237
255355376750007
230109456630817
62813103403507
25151302426411
148522047344005
138125447547687
237326084967897
30137433113393
21399213307655
123463579511683
81603509102004
119493493941646
209790976033935
35525871818357
82417688069269
173912146603209
159103863569778
244430363351327
53921362024952
217384765076614
52051386661829
262365025162082
29123627052524
127096652044079
77233526840669
107605859026979
143105101303420
145999698287751
189160824667801
11450348428661
100629729636023
269672943095859
196101803858785
84528624652395
223200309684849
62642387799419
177303974526721
211681905160086
40633377560027
279690643502537
90254953503509
280797166401999
215215743648865
257167004805879
69239643326272
263232736035818
38758492679600
188524644410791
199198078470565
106310810670167
213228403560605
152234251572616
52900809538605
172980194920516
65758628909099
155342458679243
258094771445754
250311333479751
7413154825861
236755945045123
26606468133537
139398611138758
177741974809609
134886461519043
164153517988519
100760378397602
250223666126393
26711276094863
50284829343675
151743382955153
200130066153023
133135206753385
268470788869162
237601998556034
112200606434843
277517885780638
280175987766877
13292394458479
36528378831790
66761030695102
131302630912780
189159164746553
232378363719421
197007274697843
150557206203163
269484707980159
145536109663961
44404547882623
251530795723769
246936396367916
223065080244405
189341771378388
207989138436759
46790887459187
222514046261416
139062590511213
12670366338407
174711031836339
247206021694422
43826946092016
97031663736031
2179234641357
90969330336461
20971820388006
214710629560782
217726468352977
191143360877179
273604471882339
260789702577586
249500755473599
273241138583908
123187998959617
168090821836629
156917210494155
146930967397402
93789553399781
187854334461157
115379828332635
17046397878033
212018074126679
147660911562449
33874323407211
42896425334025
197885841009713
184320397158813
141946109237791
223378410020749
215960498855745
189848674142509
54490565708405
130472477416253
270571366758588
202397153998945
13620795272239
227317902795659
221939618982077
242898459327485
147873707993563
53951754458745
109686992619508
57864643628766
84464237301891
263443082387512
214599258429731
50253230892240
90457104294249
206835773009187
155393210757643
221293646043535
265110174094193
216925760588307
231698067763411
223249727855617
162119191722042
236380315126953
120759612225307
53004328273941
126162553944985
258240561425415
37590296513527
273135093273575
210152484403844
87340339271727
280136963165221
58269738587520
229534400351949
19398802493043
57075471323621
175834194888182
202364568159753
9171196763973
39168752104695
50049212971065
77736366252725
89076291399629
253712515950845
124287958718923
252564760209617
175074911836287
58852968570563
163381138279069
248878944075369
269125688864679
161399888268449
268969032803881
132912482521111
138716036755483
264732343925355
176750890026097
85302718615641
144113741267655
163557465539535
208100989084447
216751180486723
224486977865605
239195528145389
141913555195195
81901706394011
56189399314323
112188552567535
271720750975169
225417545426949
240518444875989
276906357819363
84908503180051
132471125462205
208051410364299
264076702476767
125751341290547
147783943368263
15145317344591
278075234107967
257487452244113
30224858733411
168126643651451
118686430576725
216934789418247
213718413759787
211343455582261
128603361123223
131082706261459
193325132225961
81975126345335
52903952439807
11976745297881
58639605589919
166589068516593
232300149503599
158231590540621
53100718516211
252845851070529
29944416795879
123844407666553
72835076913517
235272675702971
219736980473273
227318827211407
18659728869299
220558964739365
20665390113771
155567270698081
239279449623073
58759222965681
37219482722691
28593661142175
173499669463611
48643637928887
188522887400905
236680298605323
137741530135613
31959573144159
152420756065477
52157079971501
62337118606331
230170750588911
71181727986569
260143335153607
5964557485751
141505413862995
116696453638109
103211115840939
180463113812171
92214108748947
150358115113757
158161095030507
239207790268763
159854950390491
253856136320391
258660399595801
12183782977827
278931377073173
145048004586775
147241235689063
95745653837405
256697051664413
71317284639105
273891987277231
264831171767925
93498972951683
49422372449201
252176907404149
274583714764181
186721003967627
266428589399789
88784344769009
2105292997681
84642619000169
105348731653463
230292046408927
220007465461803
96305479162759
183693952710425
222042452823489
116748277670597
247046346224985
49206807467235
110645675999039
260381688838651
42854717317427
175987574111405
36099144301829
141367504572233
48543831802919
48330569014527
181752589797587
51058086398895
101545376547653
75532195691595
143497713123665
186998751233769
262137671377081
109697238880125
81162828308131
77402506201897
170308508957929
232392130239219
97977256502015
258463537918565
17308726135619
145010265957173
264612376898218
196759172798027
246883272735101
258200779756247
141597966259669
146373846788175
128401244310132
179821452707105
141349445724535
1870333988489
261561205214363
18593874731085
34266633641815
215176118054922
230189958716644
62542995291052
143275685526306
47982557429460
207069240481648
78289730507731
129545719760453
144054854244145
61039566030815
82973144897115
32297073008653
33633212589177
81059077984921
205668496763655
12123028605719
180658991648271
88284657049475
26844716077795
260481986158998
53913640735531
73397791867319
241841883328445
122475144110382
189135098646168
114378115420311
25146658403823
179046098596346
120065599418741
167157597230990
120661707868084
156203852176041
106875133716102
195340236476396
213537961701387
238827627933820
84485473513959
110014716281033
243003034235229
139292855482473
244098418184276
10175268914570
211041781175160
184238305420046
172260246880355
149384298119019
52495074087615
21169844439360
164108291878067
131858488766384
250307310278122
221392138553661
61832720433318
68099337172640
125371388701980
269670385472274
152612722986866
129746222926703
211462134614774
86194174607776
2973136972138
198063695644468
202898588677433
214606647313161
30486874822557
13653006437649
31421385286364
44103880663762
275653267798047
241595089173029
198763806876216
274257450893691
234443348473115
238996460033920
230761568576670
150577778831882
196047731007857
175912261249580
171270749171280
65181840661542
57290961103558
59731427007144
277234896627106
198102986907644
162833357132530
48915397414420
28698069527028
76747410703101
33133252061687
71391008302027
52119968944018
117823323301584
157197272619708
175916559098695
257937915666354
122110224532597
15479914891428
212656807317850
12951415302232
31272393818370
172763458512012
254968711807945
162321035873463
71815096676320
270006067527478
53092489798543
69681794945633
272763037669144
156243537800688
177299906915006
30706001935204
155229613666496
272276106419478
112193645260565
60207807980494
3075242303018
280546261567507
227455715259862
222477509976785
251756359436698
227696400898788
202513334515504
128318979228166
186691642158856
171407686750238
75907624722284
132202952886498
244565021703144
165597882866174
49193604186171
83716715350474
258152500847994
279722119023044
8225620944226
217764328511603
213041008580361
45560267354987
117791985753591
84739348247888
106956077163445
101601727100867
212769702794775
125094579373286
42526394567462
33044543795020
114375052639686
56932879632212
269616026846907
129716055278714
116802928407960
133444277011756
166393963668618
257579189772123
144572585553473
63780145249164
88397086666798
13380193711981
264621257492887
42182965272662
259455219727379
192074036285970
146834087341087
8057237861745
144006176472943
219251902132667
131771034975145
45567271499078
216177913139372
195819808753311
19231934273251
90619938708077
146154713823449
159276198407069
239434989479403
168278344482451
126670773358424
250783863623429
134270403944989
235641998688164
235771382334492
31882792349786
256594290322998
26037675915766
41387373332640
14293369780700
104476909097994
76054930102190
172912780919508
154518225502886
216459926133828
56479651267288
106362400813182
80226947479144
78410502318958
109603997450732
122727858751330
272930915097408
76500627330042
169780020062600
191462746405072
69331444865422
179754488589816
175126122282882
114022646031708
173393636786514
104781703537558
206387570501766
99686597329328
275358756071070
76861425549274
199224061844260
162905155307276
220201590632818
104605483213436
217184141866986
254701516765620
7400841887892
245787250682912
150138500862326
13833656314826
32854597493042
148166944110652
187997981768634
159577539439108
124139584260702
121988682459064
79371904766792
221732356575062
213433985771436
159598455785250
76868978527488
28512359238990
264724139023974
224105156632386
42489109155020
256800489691792
46427387446128
172110215275590
106035983904682
210205555513204
88577858812792
5411430412084
64563881197812
245133813028080
86005257075142
51175928421674
165114827641550
87995766386006
184831644721452
172564866057378
136895610397096
171833819094834
129802169928948
17624999233834
192463200496032
130632866869462
172421593723638
148342210136796
6906200581574
251959709265196
7657510415786
229185701246266
281250515012224
49106118434236
16044590884412
257473016165688
47456363741384
129959604127938
53376457826544
210939530804942
18494803621904
121827302653828
277415251418078
226918918200752
250411355253426
182973633458830
45711155423086
234141776024140
150168747540804
148427824305588
25542206222586
195712034539804
252448634972824
172618445716818
177341044072072
93567781016478
159601076852110
54657591071468
22901073341524
35855215697508
246471962635634
16465501751800
271644618432406
262122301242498
172525725843068
64020630662568
181398304497368
85735574866696
124342965319488
242668261871610
188200626258060
173394011929858
208726665039222
31516423563210
154737790212754
248668599020056
113363472380078
193679630944848
209803845641350
219482918984306
160510720163996
267603830740028
266118310086078
193264628735242
118728351049858
29871691655816
184221299586004
91664266776338
223309599965532
208510428389044
99188826739946
21333971082542
280524717159402
278037293297826
120604516154208
253920284746488
182702012728974
245203895843750
176269314349068
209958870055898
231800341196864
201751767904406
84298533618530
40096753293776
19468237242762
12285771465656
2387746523470
239970261968764
147936940224114
123970239234084
255260584948472
100689389518518
8857391619290
20091578783408
256293445551852
141868629378146
12716557729694
63172717557126
116007539576132
86282784779112
238895011061118
24679050872864
135543610350740
83153269408026
190370768096086
111815341768306
132396887338110
100111253629184
126459415435302
138359680064102
47894927751036
57342376044734
178063082277032
142260984470834
40515094492964
129179135106540
177834286945346
272179998687382
280021663757628
144605061760606
115387589778242
279169587390128
151239063238700
210936724341666
167408627412808
106803734432100
129844066563098
4418396718360
171221652001710
85037279019072
20148103361396
16487942803466
269164263513812
8947993617642
232934856050056
53797535064734
62087020106344
218023963424698
215171940712698
47806838182212
251572546762600
26183452405428
110932573615712
112802246377910
84710562952848
16030769366532
103730971590944
67646048820854
213656252213452
224619689858796
161361121886280
22290908688008
135409397755262
243231528885498
267847551493022
81584051479308
169435968605084
94664916417410
253963729792402
1553150785604
142823895418246
219220665158786
136245086202460
29763476176466
52694573161456
245729132046534
32743827618664
46191160450060
8062451346052
117532772395066
134301898429538
61412327929816
104410602381222
38623832807534
178384141090470
190225536308432
106505952085376
51002640528342
78440637062088
178229640871646
39780029632568
11376953694772
212278724616654
12454477087850
149168211382608
268321068290456
119995104288208
106451138250534
46241812737070
111626136378564
8827834597498
250038606707754
244298700109812
159480313713600
68930368210966
205910630130516
138493598392458
270336733638544
140011083411976
38828751121254
62758452396298
195415681078012
109520323615518
62929465642482
199909201452364
156173703306178
230115699893652
18521740301944
5068468772024
177787575027914
64556307275804
213196446838286
52308864088654
265434142805522
127628614139886
189865410866008
209483823126412
212580693621762
84597691594230
85012518184096
121696042768944
215553705635078
96925442155008
150706442994658
272705275712108
205047791213654
131400908126164
71095445345756
153551165955538
281041442555976
67084971128670
11592573488900
47965255522416
78186426685626
95781012484422
251815778565554
176713434900668
231694630141044
18046167714986
151132166077756
133443297121454
174124370927154
253254297363710
121084913483496
166615357887200
273108507388470
197487986827540
191197393565770
27760748113380
206275570754714
275799956378060
115384780053570
161709788044196
229384843799642
13810568850604
30847240766498
278627723703592
167668864721214
87768614809112
102477503296272
267379523412710
233611668641140
112110358854478
211871258992168
265615628231024
104699060979128
239677338438348
33251998242082
260475163164074
50382882268588
255577574247526
116508589652112
174027489464902
255115553874494
205836958222778
47950397223240
72789718984708
212731448561804
255988335392862
125341798985026
185788969780762
272588749240416
151676021626502
255440674406380
220193356569278
94815640972132
66116068188080
81010381932010
276697901022260
116593389871118
171372653168408
193033625352116
57199588769682
63418448267150
142887853444088
119259893841778
146773143216634
154503853291840
100473004924678
280748769490028
238093705069998
213832470773972
163858490028982
51752489512348
187186350806370
131170959365224
116951286191722
126836932172848
231504017871254
61629279101052
133596823098526
71889047349238
120700215614020
234997206104028
66315690956194
248901499620484
11948136083678
16262016257410
191958606382984
37775249578694
53519353190142
147229055049342
244105090572810
197983443943002
93787850974678
242459297755302
118842578307616
6794157051354
36214821328354
465588572082
266981782338106
139086851673642
174568448372690
51212113302478
2229524171432
269658904778764
158710844938796
121668049419684
200585564477732
82608971896528
234066409939804
3879051444086
69866320111264
160762259901116
121337652987148
81327018623208
182401858294328
97756253669248
28058625089008
85056038321812
247480677849454
103121378105844
51113874553290
258192313346696
124263530291416
122639134134098
103925889652747
243806354797841
257434393938342
269366718194213
49451529321151
25381209796925
171625151518672
924074906803
112002829687271
188459019930745
133939307601356
273124153493570
216640160049377
250714225710152
193409930741846
44715359848764
92480420718776
55303919225394
245566728111290
33453552856576
48019208674052
279926218147956
270730832356942
61231008512172
67773176520006
132939197653854
130597752156194
36470652871792
92712517776894
22473584280740
77161455789282
69223696037864
155950142729562
241775194185222
134414616189804
212495772648810
184582593508144
212867082994484
227731619118862
229504400809218
112983924373782
165223656467486
208055010015270
276690169622258
203551936548728
189658963323656
111922133401978
168003661308298
88140033705412
208142066670588
104194756485260
116560317344960
91947129989712
232333231984530
247350317989166
110578529293742
135977665223478
158111126361626
90221172248438
120269874360082
55910802555012
215858237932470
73843014739102
944899544856
195755085433940
243902316829350
178718688184416
80125153398996
235751003203868
123511858393948
165018211797656
265128978030418
241719351372142
56124112004506
272683442604490
269677397665122
2282639632656
249227364728220
210468322245476
135204429166356
130362964168022
227019254120728
271800953935412
155892416008648
267627034177752
276787997662594
85500169506452
139137965025230
71263538499060
32662633558538
137919588755078
68549370299614
250502465317856
180049556513714
44289702791312
3044397205598
26552584963640
46901050909058
144750224685960
98497264709246
231655007125180
57641710762454
97799870693542
256332091022810
65126359966824
1715212933562
98644099893148
117572018944744
49396145522236
263211466139806
38217874561562
113557131982346
116893028489096
62209750851690
23183275321040
39936037180306
180304614969324
12583552848504
29364652809318
194681279084548
96709450773716
110642824040044
6767823907108
14566042840774
94511456062286
86527448864012
227094933659210
237353657768480
246288497670912
139426017300976
152535914863022
172595568261388
25336787027110
248325200535396
174755688038850
67939806043916
95601209182928
10499364905514
45211424640556
137028699180458
220508677439282
233688426649508
63106621407486
253425075190656
87628864065082
27655633966640
275028463022924
10232184351840
193770299175486
177996361825602
22956268083916
187060692482840
36439526057148
145236969654798
95490201249140
242883706986466
22901241831584
256022080161718
93395729641840
205228356375992
136909134586438
226797245716522
259102200665828
130588553989176
178614766780744
251435839494476
168434865129562
200336139694000
246825494277822
111271430786812
229257703106978
201757566615208
38920876631330
4070845874560
275001013625244
121208354886108
161114298853606
10616338838956
66818098812912
136611474633772
152889903789044
238796825735776
236299403019620
56610422968346
231175724936976
108668498430214
266159906516520
18991106758600
138053355985330
83443419831572
67726030858072
114690027127976
2707360158198
100844662810244
20306562404288
241052543761870
54114712123330
278462957136370
198898661835974
270967889317846
194564506475548
114198530119876
63317840771538
269786095119880
128202495643032
187660640894694
219815396368290
78516547461904
76795304022758
188765064829662
70963083793482
62631822569454
192238291803118
154802033708364
40377271618498
60154224448396
60127865095358
196686201734710
208001912013882
220457758155798
230629797334352
176330093222744
208844079917130
228496462555666
138052368079994
129358233750994
97401844403144
27368646667998
42959586942804
229490197106964
128454778156830
30386691328046
248456435031659
168233952478684
259293454460879
156051187287839
213419001927682
232629470875293
208597476743812
95423693284134
208971678421153
51343012382833
265020937961163
261270478574151
274180326216731
121814313696394
36391860799251
52461525752055
1258393902267
27190205612739
268891794893785
215532971226061
60626413226885
269775552842249
77619860077933
171719495622373
34948431390389
244399098422737
92087226436991
48516951422877
186350244124157
192680021415225
159980782421159
278219815080819
124547493322171
274654381069223
108891769148699
119512490778070
136750241440521
119287786907245
122667192306081
274249442905038
137468859302588
178041486418019
59206042532921
176126793379765
12627628879101
210567605943755
87800265629547
216505708471235
137148793724109
4774873471599
156607683591295
199965094365106
200253103944250
62454506506743
273850649054549
146090070192755
178068889963064
261070593145039
95606629801231
156601777094528
90803001590377
65858747250011
4652653089857
145634495491281
217372991152575
267942018392295
12813948949989
58564655497059
125935169782359
165355094297603
92553358760213
16274319518643
236558975854561
208220217235213
182190606316561
93889828744057
236365922766603
140942387594325
221392655175973
149413811852835
76315765456791
153872531041534
88560066979266
151900100208862
239787772925384
93045023277117
267227095417988
51482915276079
123109345780137
41157006540278
51135096890834
52716921986524
76169366495537
200401914574668
217182002474144
128833612831581
279978266713241
10516468878025
168865904447629
203988721714920
253385069517691
218029269793325
81811369752929
32359879040257
8389107577688
60824589763436
14404965110752
233478181290463
110176883607534
133439512468341
46088343393908
139690328692210
58708963796231
4865691069907
83445601126110
185182977813803
273045386886071
185438916535234
226332894868187
29251210342458
238808459113103
237462037212826
276696846975050
169764114284260
5348949904608
189730749730202
11697172998886
204292204079380
123478616887580
33135601056131
93757284623776
227605948865328
255271497227004
149147940781014
167105163627326
113200772182085
43714890052228
195036374009350
23910415915846
278426180461512
36249918360825
127723474652544
132279634651598
105141591279588
19724172161688
68271928346284
218356707080976
197617763112618
100203553703346
68870877654180
94171411421758
74644003710284
28264646348322
103928074978346
83538255201078
85532864335436
162847397375784
238205914878576
194279358361788
248793642701878
32778530652148
67904750802706
75433558357076
157369550854200
252794286741032
218760792159248
190999192769104
109513025514858
2046021506394
57696322839536
275920485641012
209223246966982
148281077900590
220409757667062
221224642771942
133268084230538
93382319980588
242641044578342
146416586354080
21459280186274
219654056277118
214570991089042
147601898723338
138396081314734
58582528389310
37487401930920
161673173871750
76904470850206
105590637004454
100040167036922
22870983429400
275518896294326
61488369581082
90164982717648
197525745098126
254110675944322
262035366075093
229333104584404
180806162354532
247012857367394
6782757514281
57184006926190
235200945512795
146585792264057
177532503369196
80845359153220
46107524890432
203761918356236
231498994504604
59939321969642
34204741232317
183558400786016
29897974472116
210318761921928
205282397122955
182464567941736
134466973545842
166899393151633
17817560212070
116801327522964
123099154902079
34370198349718
182393608056778
254793507300784
151820770828329
45789292591639
209925460349432
228009837617986
56573667258572
147297071237029
41264729906739
213348460480124
142697884728976
103442806853214
9682735019848
154717978426215
89992738246148
34394575131216
29480490827706
200083126984724
210030684337372
160266220257808
108503233190488
128299181707066
54765923801764
157207300291582
236089214962169
221687431408342
185831123235744
35794332079582
28121322313454
36917148856576
187998832298722
66916648938742
184286933708264
84286960494980
154803677306698
272374783141074
244359226876610
59224090626760
113180960740961
156095968435597
100458147919835
188525227653326
9646690960562
114496636581620
7639041335334
255879325812853
247931217204352
227374543245646
10653417295809
35107613788092
5683223319386
275956169623497
131571849058790
222712793136204
135042079920982
221706927958768
81958283986831
203517631751174
91999228313400
138522712565042
106966553510412
204523310527634
18610058361716
68991499787324
200877126360707
9752324994470
40930137482026
164655085482922
250672055002851
56811167101470
136076476281015
156545321355938
39098973041800
55186216704794
20175512110937
261682104950726
114945585293998
252475779920236
90341145190855
17835295352698
102599126677686
169263178419128
79862054946062
182008201525002
229442724045776
48801397978136
136508324521840
210148238187460
203456476727396
99259196123206
44026472683308
235755458326277
142613296988930
183520132521619
255491686977773
171497987638624
82466975654592
117992782388692
31765529080363
31598060159618
226749723516284
227465061769153
181794678891579
178205032720688
71209609491441
107458830183274
204344534546680
28645497730162
172566987332079
248376005405340
102439288357405
87638935590130
138103830108468
199936179611295
281120054689558
108560689204002
93929581102656
235947625498091
36328265079841
230317221332361
156665871256492
202696228583236
145785432688759
31469110093647
222143325315336
203130680585358
84607229012533
31009181090606
177333703562514
267098368408131
258846997153144
156843108325014
152801051606566
111836482351612
75507043197992
189646015045942
273904572041173
257311933265635
110801500092154
153889331066942
163674870340905
233985264105886
102642407055956
18548026654872
157475577229079
21273232263050
96062007496183
240082738382601
3137159079875
153587751605173
110289208437779
190165951329213
276809168058501
280712566503052
80783386312476
169558710093645
53529022015581
187022476097163
52549117533083
85711132137183
50530436153663
108742482105043
87991776813136
42852162362693
46241064508447
178844701943153
275266931918663
242298975623097
170701967418151
151992417484337
197422441800160
57345430031789
156752684136805
216740664550251
108939907291217
6111652389627
128533207456669
257227607670249
90311412211
230732534763229
174395556666367
177566821860577
184684546612981
133388829979095
13553350254717
138938268747337
189845691618475
6682783937039
78721382478083
34620582831435
19927413156663
28734346679237
115344687709391
96692525460897
24689582114131
159877912262681
261402876998791
84634799479957
188463548295297
27454870572451
238866404263087
187392407027237
25028603613363
129144724379931
271735568269517
212610048832663
167698360641657
271341663322853
42237418182515
157147536795865
90103945682601
84428597463661
147280404633063
28808836981179
133188741991601
117037488965799
239443377158457
194001317368081
102171128207769
11610853923335
277960624202079
11025063474879
45717850645517
126853146884699
1459339358529
121337244151663
33020729377483
182763537286957
156352225861755
52497190926167
82381710998017
57092660297577
220692821203503
104315139551573
271526027322467
42270055021053
86590180047651
67472065660437
84212970850769
49381769122175
17602590528523
215365748280637
