212610048832663
104315139551573
1459339358529
271526027322467
90103945682601
17602590528523
271341663322853
117037488965799
42237418182515
84212970850769
11025063474879
215365748280637
170701967418151
156752684136805
84428597463661
121337244151663
129144724379931
239443377158457
25028603613363
194001317368081
108939907291217
90311412211
174395556666367
13553350254717
42270055021053
49381769122175
33020729377483
57092660297577
36328265079841
267098368408131
52549117533083
242298975623097
187392407027237
147280404633063
52497190926167
67472065660437
188463548295297
27454870572451
145785432688759
84607229012533
133388829979095
84634799479957
115344687709391
271735568269517
167698360641657
126853146884699
157147536795865
28808836981179
3137159079875
96692525460897
96062007496183
153587751605173
57345430031789
238866404263087
6682783937039
45717850645517
24689582114131
133188741991601
110289208437779
178844701943153
28734346679237
261402876998791
257227607670249
34620582831435
31469110093647
169558710093645
6111652389627
159877912262681
183520132521619
71209609491441
82381710998017
86590180047651
276809168058501
46241064508447
275266931918663
128533207456669
240082738382601
216740664550251
177566821860577
78721382478083
102171128207769
156352225861755
20175512110937
181794678891579
102439288357405
199936179611295
235947625498091
230317221332361
230732534763229
277960624202079
138938268747337
189845691618475
90341145190855
235755458326277
274180326216731
59206042532921
182763537286957
220692821203503
274654381069223
12813948949989
12627628879101
156607683591295
184684546612981
19927413156663
146090070192755
145634495491281
255491686977773
172566987332079
82466975654592
281120054689558
259293454460879
215532971226061
4865691069907
76169366495537
210567605943755
90803001590377
208971678421153
27190205612739
52461525752055
34948431390389
113200772182085
210030684337372
272374783141074
152801051606566
87991776813136
58708963796231
70963083793482
160266220257808
131571849058790
142613296988930
280712566503052
279978266713241
253385069517691
231175724936976
149147940781014
127723474652544
100203553703346
194279358361788
42852162362693
11610853923335
227465061769153
257311933265635
149413811852835
32359879040257
17835295352698
210148238187460
200083126984724
154803677306698
217372991152575
93045023277117
132279634651598
157369550854200
53529022015581
85711132137183
56811167101470
222143325315336
140942387594325
76315765456791
187998832298722
252475779920236
185831123235744
66916648938742
233478181290463
161673173871750
254793507300784
128833612831581
125935169782359
108503233190488
28121322313454
87638935590130
111836482351612
51343012382833
36391860799251
248456435031659
156051187287839
232629470875293
269775552842249
107458830183274
138103830108468
79862054946062
258846997153144
261270478574151
60626413226885
103928074978346
32778530652148
108742482105043
151992417484337
203517631751174
178205032720688
92553358760213
54765923801764
5683223319386
51482915276079
218029269793325
29251210342458
43714890052228
228009837617986
56573667258572
236365922766603
123109345780137
111922133401978
88140033705412
192238291803118
4652653089857
58564655497059
63317840771538
83443419831572
244359226876610
222712793136204
67726030858072
273904572041173
102642407055956
157475577229079
21273232263050
187660640894694
16274319518643
182190606316561
134466973545842
213348460480124
57696322839536
209223246966982
152889903789044
241052543761870
185182977813803
251435839494476
59939321969642
29897974472116
10516468878025
212495772648810
212867082994484
247012857367394
177532503369196
157207300291582
184286933708264
112983924373782
116560317344960
270967889317846
197525745098126
209925460349432
276690169622258
208142066670588
226797245716522
66818098812912
113180960740961
221706927958768
200877126360707
261682104950726
17817560212070
142697884728976
36439526057148
89992738246148
29480490827706
36917148856576
135042079920982
156095968435597
81958283986831
163674870340905
187022476097163
103442806853214
9682735019848
138522712565042
68991499787324
275518896294326
183558400786016
204523310527634
248376005405340
138053355985330
105590637004454
90164982717648
114945585293998
48801397978136
130588553989176
2707360158198
227731619118862
203551936548728
18610058361716
164655085482922
236089214962169
100458147919835
165223656467486
189658963323656
121208354886108
46107524890432
34370198349718
188765064829662
77619860077933
4774873471599
34204741232317
123099154902079
128299181707066
84286960494980
39098973041800
182008201525002
117992782388692
233985264105886
255879325812853
136076476281015
45211424640556
229257703106978
208001912013882
227374543245646
169263178419128
100844662810244
267942018392295
221392655175973
276696846975050
204292204079380
116801327522964
182393608056778
188525227653326
91999228313400
102599126677686
171497987638624
271800953935412
145236969654798
213419001927682
83445601126110
278426180461512
180049556513714
231655007125180
4070845874560
58582528389310
37487401930920
189646015045942
197422441800160
95606629801231
208220217235213
269786095119880
61488369581082
180806162354532
185438916535234
74644003710284
254110675944322
203761918356236
275956169623497
31765529080363
76904470850206
210318761921928
106966553510412
136508324521840
99259196123206
31598060159618
31009181090606
18548026654872
156545321355938
44026472683308
8389107577688
110176883607534
238808459113103
93929581102656
156843108325014
1258393902267
268891794893785
65858747250011
93889828744057
168865904447629
147601898723338
229333104584404
93382319980588
21459280186274
205282397122955
151820770828329
221687431408342
247931217204352
114690027127976
219815396368290
176126793379765
216505708471235
167105163627326
162847397375784
100040167036922
80845359153220
202696228583236
110801500092154
190165951329213
50530436153663
241775194185222
184582593508144
108668498430214
237462037212826
105141591279588
166899393151633
41264729906739
95423693284134
35794332079582
59224090626760
147297071237029
154717978426215
10653417295809
250672055002851
55186216704794
203456476727396
110642824040044
204344534546680
108560689204002
156665871256492
203130680585358
177333703562514
80783386312476
51135096890834
52716921986524
136611474633772
198898661835974
60154224448396
33135601056131
9646690960562
35107613788092
54114712123330
121814313696394
122667192306081
261070593145039
272683442604490
85500169506452
44289702791312
29364652809318
108891769148699
137148793724109
81811369752929
62209750851690
27655633966640
219654056277118
182464567941736
226749723516284
28645497730162
46901050909058
172595568261388
18991106758600
230629797334352
75507043197992
153889331066942
169764114284260
189730749730202
114496636581620
40930137482026
93395729641840
136909134586438
151900100208862
239787772925384
94171411421758
252794286741032
14404965110752
83538255201078
138396081314734
22870983429400
34394575131216
7639041335334
233688426649508
63106621407486
236299403019620
60127865095358
273045386886071
19724172161688
148281077900590
214570991089042
231498994504604
9752324994470
229442724045776
117572018944744
242883706986466
226332894868187
36249918360825
133439512468341
68271928346284
28264646348322
190999192769104
242641044578342
90221172248438
237353657768480
137028699180458
95490201249140
192680021415225
159980782421159
22901241831584
168434865129562
235200945512795
146585792264057
229504400809218
104194756485260
256332091022810
6767823907108
78516547461904
208844079917130
57641710762454
253425075190656
109513025514858
275920485641012
246825494277822
201757566615208
123478616887580
93757284623776
67904750802706
220409757667062
68870877654180
2046021506394
200253103944250
267227095417988
11697172998886
227605948865328
195036374009350
218356707080976
98497264709246
65126359966824
220457758155798
139690328692210
255271497227004
6782757514281
57184006926190
94511456062286
205228356375992
165355094297603
236558975854561
14566042840774
139426017300976
111271430786812
278462957136370
119512490778070
137468859302588
199965094365106
156601777094528
208055010015270
91947129989712
3044397205598
152535914863022
187060692482840
178614766780744
274249442905038
178068889963064
1715212933562
194681279084548
123511858393948
265128978030418
12583552848504
62631822569454
229490197106964
5348949904608
248793642701878
75433558357076
218760792159248
221224642771942
133268084230538
77161455789282
134414616189804
241719351372142
267627034177752
128454778156830
85532864335436
10232184351840
256022080161718
136750241440521
62454506506743
25336787027110
95601209182928
171719495622373
278219815080819
139137965025230
26552584963640
114198530119876
76795304022758
154802033708364
38920876631330
10616338838956
153872531041534
203988721714920
60824589763436
238796825735776
56610422968346
40377271618498
97401844403144
46088343393908
197617763112618
55910802555012
87628864065082
88560066979266
200401914574668
146416586354080
110578529293742
944899544856
41157006540278
217182002474144
262035366075093
45789292591639
178041486418019
273850649054549
232333231984530
249227364728220
144750224685960
263211466139806
138052368079994
177996361825602
22956268083916
124547493322171
119287786907245
20306562404288
30386691328046
244399098422737
92087226436991
48516951422877
87800265629547
23910415915846
238205914878576
135204429166356
227094933659210
42959586942804
38217874561562
248325200535396
174755688038850
275028463022924
168003661308298
195755085433940
49396145522236
220508677439282
215858237932470
178718688184416
56124112004506
259102200665828
176330093222744
129358233750994
71263538499060
10499364905514
97799870693542
113557131982346
23183275321040
96709450773716
228496462555666
196686201734710
168233952478684
265020937961163
186350244124157
128202495643032
80125153398996
32662633558538
194564506475548
135977665223478
250502465317856
92712517776894
69223696037864
2282639632656
161114298853606
39936037180306
275001013625244
73843014739102
269677397665122
116893028489096
180304614969324
193770299175486
266159906516520
158111126361626
210468322245476
130362964168022
246288497670912
155892416008648
68549370299614
276787997662594
86527448864012
137919588755078
200336139694000
247350317989166
165018211797656
227019254120728
120269874360082
235751003203868
98644099893148
27368646667998
208597476743812
22473584280740
155950142729562
151676021626502
220193356569278
2229524171432
243902316829350
67939806043916
187186350806370
185788969780762
66116068188080
78440637062088
102477503296272
247480677849454
124263530291416
255440674406380
163858490028982
66315690956194
158710844938796
199909201452364
94815640972132
197487986827540
106803734432100
156173703306178
238093705069998
8062451346052
81010381932010
191197393565770
147229055049342
62929465642482
18521740301944
68930368210966
195415681078012
272588749240416
267379523412710
127628614139886
57342376044734
118842578307616
3879051444086
139086851673642
103121378105844
178229640871646
171372653168408
193033625352116
57199588769682
131170959365224
81584051479308
151239063238700
61231008512172
130597752156194
189865410866008
6794157051354
200585564477732
197983443943002
121668049419684
234066409939804
85056038321812
51113874553290
122639134134098
8827834597498
159480313713600
243806354797841
269366718194213
49451529321151
924074906803
106505952085376
51212113302478
182401858294328
39780029632568
63418448267150
52694573161456
245566728111290
48019208674052
37775249578694
28058625089008
133939307601356
273124153493570
67773176520006
36470652871792
51752489512348
279926218147956
178384141090470
71095445345756
92480420718776
270730832356942
245729132046534
110932573615712
140011083411976
212580693621762
153551165955538
244105090572810
193409930741846
33453552856576
178063082277032
117532772395066
250714225710152
132939197653854
251815778565554
465588572082
160762259901116
161709788044196
142887853444088
250038606707754
11376953694772
213196446838286
253254297363710
44715359848764
55303919225394
84597691594230
111626136378564
109520323615518
129844066563098
190225536308432
150706442994658
121084913483496
213832470773972
85012518184096
216640160049377
231504017871254
112002829687271
188459019930745
210936724341666
119259893841778
258192313346696
146773143216634
133596823098526
171625151518672
176713434900668
16487942803466
232934856050056
257434393938342
242459297755302
82608971896528
229384843799642
71889047349238
69866320111264
154503853291840
103925889652747
25381209796925
93787850974678
97756253669248
36214821328354
266981782338106
4418396718360
244298700109812
100473004924678
61629279101052
16262016257410
121337652987148
120700215614020
191958606382984
174568448372690
51002640528342
169435968605084
12454477087850
121696042768944
94664916417410
53519353190142
81327018623208
106451138250534
209483823126412
116951286191722
215553705635078
272705275712108
269658904778764
253963729792402
212278724616654
5068468772024
174124370927154
255577574247526
116508589652112
280748769490028
248901499620484
126836932172848
53797535064734
1553150785604
234997206104028
112802246377910
67084971128670
11592573488900
276697901022260
11948136083678
149168211382608
138493598392458
269164263513812
281041442555976
115384780053570
205047791213654
151132166077756
129179135106540
62087020106344
38828751121254
275799956378060
47950397223240
255988335392862
171221652001710
84710562952848
116593389871118
209803845641350
135543610350740
84298533618530
96925442155008
78186426685626
47965255522416
18046167714986
40515094492964
246471962635634
16465501751800
31516423563210
45711155423086
239677338438348
125341798985026
148427824305588
159601076852110
280524717159402
46241812737070
205910630130516
213656252213452
132396887338110
167408627412808
24679050872864
16030769366532
52308864088654
231694630141044
211871258992168
265615628231024
174027489464902
255115553874494
223309599965532
233611668641140
260475163164074
138359680064102
95781012484422
13810568850604
120604516154208
100689389518518
27760748113380
167668864721214
271644618432406
172525725843068
35855215697508
83153269408026
209958870055898
181398304497368
205836958222778
72789718984708
270336733638544
177787575027914
154737790212754
160510720163996
208726665039222
144605061760606
212731448561804
123970239234084
238895011061118
115387589778242
166615357887200
206275570754714
8857391619290
103730971590944
226918918200752
172618445716818
124342965319488
242668261871610
208510428389044
253920284746488
182702012728974
147936940224114
267603830740028
99188826739946
20091578783408
29763476176466
61412327929816
112110358854478
104699060979128
33251998242082
50382882268588
245203895843750
40096753293776
12285771465656
142260984470834
64556307275804
273108507388470
141868629378146
86282784779112
38623832807534
230115699893652
133443297121454
87768614809112
219220665158786
46191160450060
118728351049858
176269314349068
100111253629184
268321068290456
265434142805522
190370768096086
22290908688008
267847551493022
248668599020056
113363472380078
17624999233834
25542206222586
231800341196864
30847240766498
278627723703592
193264628735242
184221299586004
22901073341524
21333971082542
218023963424698
104410602381222
119995104288208
76861425549274
245787250682912
129802169928948
201751767904406
239970261968764
67646048820854
224619689858796
136245086202460
134301898429538
62758452396298
131400908126164
114022646031708
150138500862326
29871691655816
12716557729694
6906200581574
53376457826544
210939530804942
64020630662568
266118310086078
229185701246266
121827302653828
256293445551852
63172717557126
257473016165688
279169587390128
142823895418246
272179998687382
85037279019072
150168747540804
93567781016478
278037293297826
8947993617642
26183452405428
206387570501766
135409397755262
32743827618664
130632866869462
281250515012224
215171940712698
47806838182212
250411355253426
252448634972824
91664266776338
56479651267288
173393636786514
106362400813182
109603997450732
217184141866986
49106118434236
188200626258060
126459415435302
177834286945346
161361121886280
255260584948472
122727858751330
193679630944848
19468237242762
111815341768306
47894927751036
251959709265196
177341044072072
262122301242498
199224061844260
99686597329328
80226947479144
47456363741384
277415251418078
280021663757628
251572546762600
129959604127938
234141776024140
116007539576132
243231528885498
195712034539804
219482918984306
85735574866696
173394011929858
2387746523470
20148103361396
54657591071468
69331444865422
78410502318958
7400841887892
264724139023974
42489109155020
182973633458830
18494803621904
87995766386006
16044590884412
254701516765620
192463200496032
172421593723638
7657510415786
148342210136796
32854597493042
121988682459064
13833656314826
256800489691792
220201590632818
171833819094834
46427387446128
106035983904682
172564866057378
136895610397096
159577539439108
124139584260702
64563881197812
165114827641550
148166944110652
187997981768634
221732356575062
76868978527488
86005257075142
184831644721452
79371904766792
224105156632386
179754488589816
104781703537558
245133813028080
51175928421674
104605483213436
28512359238990
210205555513204
76500627330042
5411430412084
88577858812792
272930915097408
169780020062600
175126122282882
275358756071070
216459926133828
154518225502886
162905155307276
213433985771436
172110215275590
159598455785250
104476909097994
191462746405072
76054930102190
172912780919508
146834087341087
159276198407069
235771382334492
256594290322998
31882792349786
41387373332640
26037675915766
14293369780700
195819808753311
202513334515504
168278344482451
250783863623429
239434989479403
134270403944989
259455219727379
8057237861745
75907624722284
2973136972138
88397086666798
144006176472943
90619938708077
166393963668618
219251902132667
146154713823449
19231934273251
192074036285970
128318979228166
198063695644468
131771034975145
126670773358424
235641998688164
211041781175160
56932879632212
198102986907644
84739348247888
155229613666496
244565021703144
264621257492887
184238305420046
15479914891428
116802928407960
42182965272662
162833357132530
272276106419478
144572585553473
13380193711981
132202952886498
258152500847994
45567271499078
31421385286364
279722119023044
129716055278714
133444277011756
165597882866174
257579189772123
42526394567462
63780145249164
117791985753591
106956077163445
269616026846907
216177913139372
186691642158856
213041008580361
45560267354987
211462134614774
171407686750238
114375052639686
86194174607776
171270749171280
31272393818370
101601727100867
172763458512012
212656807317850
244098418184276
28698069527028
3075242303018
222477509976785
217764328511603
10175268914570
65181840661542
157197272619708
257937915666354
125371388701980
198763806876216
60207807980494
122475144110382
71815096676320
12951415302232
84485473513959
241595089173029
270006067527478
251756359436698
44103880663762
280546261567507
83716715350474
125094579373286
33044543795020
189135098646168
196047731007857
227696400898788
52119968944018
149384298119019
76747410703101
8225620944226
238996460033920
227455715259862
269670385472274
214606647313161
254968711807945
274257450893691
175916559098695
212769702794775
110014716281033
122110224532597
49193604186171
243003034235229
61832720433318
57290961103558
156243537800688
48915397414420
117823323301584
59731427007144
177299906915006
272763037669144
52495074087615
162321035873463
120065599418741
238827627933820
152612722986866
275653267798047
33133252061687
53092489798543
144054854244145
164108291878067
221392138553661
213537961701387
202898588677433
30486874822557
13653006437649
156203852176041
175912261249580
277234896627106
78289730507731
129746222926703
53913640735531
150577778831882
69681794945633
234443348473115
230761568576670
129545719760453
81059077984921
139292855482473
71391008302027
260481986158998
179046098596346
82973144897115
33633212589177
21169844439360
73397791867319
68099337172640
205668496763655
30706001935204
61039566030815
172260246880355
106875133716102
131858488766384
114378115420311
195340236476396
88284657049475
167157597230990
241841883328445
25146658403823
32297073008653
112193645260565
120661707868084
250307310278122
180658991648271
26844716077795
12123028605719
143497713123665
258463537918565
71317284639105
81162828308131
232392130239219
230189958716644
48543831802919
207069240481648
62542995291052
47982557429460
246883272735101
186998751233769
215176118054922
143275685526306
274583714764181
258200779756247
48330569014527
18593874731085
196759172798027
262137671377081
146373846788175
52157079971501
273891987277231
261561205214363
179821452707105
49206807467235
145048004586775
222042452823489
141597966259669
34266633641815
17308726135619
28593661142175
256697051664413
1870333988489
145010265957173
230170750588911
92214108748947
266428589399789
88784344769009
141349445724535
173499669463611
247046346224985
186721003967627
77402506201897
81975126345335
211343455582261
152420756065477
253856136320391
260143335153607
62337118606331
258660399595801
36099144301829
150358115113757
20665390113771
71181727986569
128401244310132
158161095030507
58639605589919
181752589797587
2105292997681
109697238880125
97977256502015
183693952710425
260381688838651
264612376898218
42854717317427
166589068516593
75532195691595
170308508957929
175987574111405
51058086398895
48643637928887
110645675999039
252176907404149
101545376547653
19398802493043
252564760209617
123844407666553
239207790268763
56189399314323
239195528145389
180463113812171
50049212971065
216751180486723
84642619000169
239279449623073
31959573144159
116696453638109
138716036755483
96305479162759
116748277670597
85302718615641
163557465539535
132471125462205
30224858733411
252845851070529
112188552567535
240518444875989
269125688864679
89076291399629
253712515950845
175074911836287
232300149503599
72835076913517
58759222965681
141505413862995
268969032803881
271720750975169
141913555195195
278075234107967
227318827211407
132912482521111
147783943368263
225417545426949
12183782977827
105348731653463
58852968570563
29944416795879
220558964739365
278931377073173
276906357819363
208051410364299
159854950390491
230292046408927
224486977865605
5964557485751
264831171767925
161399888268449
49422372449201
188522887400905
220007465461803
144113741267655
147241235689063
193325132225961
236680298605323
15145317344591
213718413759787
95745653837405
158231590540621
57075471323621
84908503180051
103211115840939
141367504572233
37219482722691
176750890026097
118686430576725
128603361123223
137741530135613
39168752104695
208100989084447
11976745297881
235272675702971
93498972951683
77736366252725
163381138279069
168126643651451
81901706394011
264076702476767
257487452244113
264732343925355
219736980473273
18659728869299
202364568159753
53100718516211
163739164320057
31762759368987
125751341290547
131082706261459
216934789418247
97358392272079
52903952439807
119888710150885
94569449877293
14940016624175
236269904818343
184782205528269
155567270698081
255610366786259
120981219657851
31898007159193
117205929141809
153464097849863
250827734058309
216510689684171
5159848224617
115574468424145
98882119197181
62894406041459
269568434272639
51197624561417
235356759591787
124287958718923
248878944075369
151922098102785
191143360877179
126162553944985
268047196100001
21238975500227
152158092717895
79243159359581
140971605458655
72471263748899
178183229522845
232209609081887
48530067621507
248828105326177
12380712071113
171649393957419
189848674142509
13620795272239
112679751222669
97485649293199
212018074126679
53004328273941
279169650381843
66723978808689
126933461633467
248397026962965
229202454444981
13292394458479
156917210494155
215960498855745
90457104294249
281400534806645
261161009600695
72589596467333
50284829343675
139062590511213
273604471882339
168090821836629
9798098236919
247206021694422
58269738587520
227317902795659
206835773009187
223249727855617
27652478705495
207989138436759
130472477416253
155393210757643
236380315126953
169882420812951
120312835021141
223065080244405
162119191722042
210152484403844
281240081145819
177457339314681
177741974809609
258240561425415
9171196763973
279221999127651
79560173525313
232378363719421
165067046377327
52900809538605
175834194888182
90254953503509
26606468133537
269484707980159
147660911562449
242898459327485
174711031836339
214710629560782
263443082387512
280136963165221
133135206753385
97031663736031
260789702577586
270571366758588
33874323407211
184320397158813
249500755473599
17046397878033
2179234641357
178958583194471
210554853142437
65758628909099
189160824667801
93789553399781
269672943095859
200132122955993
257167004805879
151743382955153
199198078470565
200130066153023
46790887459187
12670366338407
217726468352977
221939618982077
84528624652395
87340339271727
44404547882623
139521686172229
30137433113393
127096652044079
268470788869162
53951754458745
109686992619508
273135093273575
106310810670167
213228403560605
250311333479751
145536109663961
272134380969663
43503099704637
134886461519043
197007274697843
200822398336011
177070500218537
148522047344005
250223666126393
177303974526721
54490565708405
237601998556034
42896425334025
37590296513527
223200309684849
155342458679243
277517885780638
231698067763411
197885841009713
20971820388006
141946109237791
265110174094193
57864643628766
62061320673549
280797166401999
223378410020749
221293646043535
77233526840669
251530795723769
147873707993563
214599258429731
62642387799419
188524644410791
7413154825861
216925760588307
280175987766877
264354883680529
32610212083891
164153517988519
187854334461157
115379828332635
131302630912780
202397153998945
84464237301891
266970205625588
194064490944810
258095644619373
152234251572616
100629729636023
100760378397602
246936396367916
221407991291859
21399213307655
139398611138758
43826946092016
123187998959617
244430363351327
11450348428661
50253230892240
192915775562823
112200606434843
101713360831802
70950267129732
107605859026979
189122238433761
239084544178451
173912146603209
66761030695102
222514046261416
237326084967897
273241138583908
146930967397402
105962012416640
211525911019734
120759612225307
229534400351949
113410290547378
115322511404476
165738206694777
90969330336461
277452541898511
134016452924383
189159164746553
150557206203163
119866025249805
100242798041615
25312081100962
56947592581925
156443911190081
97128624113237
177350804815148
65444074960326
63982532301082
250652351539095
194756401163876
279690643502537
91392803259704
102348681425136
161080271490766
255355376750007
258094771445754
63846810293694
267772844664357
43923609632231
270390279192429
93095542715368
57482523300350
49652489232987
116753315680377
279686832111016
3493565693443
249800987980789
159103863569778
165126536129502
25151302426411
26711276094863
236755945045123
9022800390770
141627139916668
251748184198843
181594924637465
36528378831790
23398483160149
81603509102004
263232736035818
189341771378388
88519566796635
78733070615213
211681905160086
79895956419303
172980194920516
83844338748280
63945730923278
10383777617425
62941475180951
15575704236387
177181741493065
167297495991209
53984121415877
119493493941646
53921362024952
143105101303420
81667352743606
251467864731009
174944561575709
167955153406816
85202104663800
95473954996878
18532558847041
23485930219363
196101803858785
168842374283060
16241281098090
110235907703357
242306643962991
111908414994673
101786485965789
40633377560027
89708833654839
69239643326272
165363519652066
36456705300332
232345463153228
145901078337730
142043180467205
222831829150945
15951660079363
235619553670923
215215743648865
222021735452667
35525871818357
134916122010908
42702926236434
17146406136457
144065195442607
210063699661233
267852333165718
17724224146496
217384765076614
38758492679600
59111823091053
209186557124019
199216882216752
82617980008966
229173798007189
274814637310219
109613722070105
15068243394987
240835182592980
117128243801354
212170312356231
189158644124073
152838333094563
217556757652383
275851877798088
170459084916469
34934590722871
44776402381457
71573605566003
123463579511683
112816688735425
182060408174390
159778077632480
81485830133014
34692027574464
256537340562
148068970401948
92569170125545
203576001557439
160278007514605
260600650552383
244563972533139
3474654039741
250204079709791
32373178635645
254571770718220
15998137144281
132601618201268
200664802703490
192511229268202
85207979328111
34786168815303
14755595878197
52051386661829
145999698287751
196052927598494
59344313760392
59327347758003
53867391671509
165420350758212
148412502568186
219660052711871
63450619638507
112034624755018
128022462875156
92085888798543
106988578406481
62336990883661
62813103403507
213336629533836
250853244291826
50302021408764
31696923015426
194590465774163
209790976033935
273035960077222
36461278816720
190271594529220
132655252168058
271333274594889
4876270976171
50196849811544
106523188416215
105223928710331
269878418526523
69334674528558
59737403770520
223133552033956
273905558742608
205475236697126
278335829714696
261675832428574
179691836349457
274081632408292
155813092934042
182416519163118
225446845525990
232223009473807
266603380942909
151712563889151
181853150136445
184451598567508
123554597862794
196500878237009
125064162083811
181012112724555
93543345611041
232887205398759
165948076037871
209168333904127
191197736711045
119803260942919
262365025162082
29123627052524
193808612752569
134238880009547
197468137301481
92752135169333
204062985206647
205451125499255
9093669222816
123903178886167
225493691544240
229930638017065
80741515740059
35675068606981
27238394352839
37174889217805
67984947526733
151796733763941
153426028249846
16381073326805
215296562291223
121175160125733
196532613379805
187838698391593
54850701973899
89877760334556
230109456630817
136720382643813
92738744015319
82417688069269
280666572392464
138125447547687
223562781147310
108425094806040
16424567566449
160349719359251
267034913102546
100977708799731
41152621807427
74556489760497
10270302626195
267110209942105
13895307478843
261382813796507
240503825343053
26059224751451
264360186047016
234834509647422
223986133502298
193532087988361
14868077111531
136724061539743
278806130795599
261132157219569
168921180476281
228505571491051
34155063476263
115794588876099
47862181282039
9501419196085
214885569311747
112296715284870
261679434164775
146407970361629
177514495752675
70457645165249
76982549217977
214712156617119
230179413040413
242174800661419
265819406392797
233338436672315
233302989288983
142284637566621
108919229755167
111085208989067
246574599838203
223454504842937
175194120177512
148452249599558
124011304086896
70827907363337
19024635807339
83961191416575
158112026423039
193265408974829
260014514606049
264833942326193
260578476631841
263539161168937
218613329543869
248973434901045
123505501974647
236709915787554
61951375552940
121921158544253
18588784352429
223180608131395
150222525978449
13600038221203
115570096049415
88978660100191
157784544748268
113101538386499
75384940122779
84220711042595
49770236666099
186520002206078
45960717936839
148279063849903
232405160750061
70393349139695
228748811688245
243033271950853
266538576336461
219990440167499
101296735201706
79552441393524
45785931163749
274156640197707
103305341008775
180432118900313
185009272924033
128023969140599
162369375217897
9414456583331
99343691792482
96109296533743
257388468923075
65989342345377
221974544068477
61158250960665
266380013788196
64466827761882
82961215186057
112003725334597
157073823910805
42720558079681
167935940273998
109492822577592
1041163270359
196901585934837
240994044416163
33162589720143
55385676860899
55420237022465
274568858430940
164589006959489
243749184347369
125506756742646
90662447488083
152034708167457
107198253414101
50142215365847
28435714657523
117492306034331
234536184633263
10204456338117
233473121090127
232466243115663
50067380336781
86626856310311
258325883060501
10349934815831
113143918106517
246206029914961
229979602173088
52714242812077
96267905729626
52096365909102
228245803815896
258486566139751
253699889198181
10104497383487
192897706235347
3902068780335
132031088462129
276767359943547
222836545890183
64893185527493
197604019242491
209642793011979
51889655635005
67428641563417
2457430749722
6158387689316
182667821587062
247872066225854
52534357071528
15103181635045
47353457064871
8620602328033
188166727784719
174530677548361
108814045622839
205743569361714
8553024504380
276867418913687
266101876555177
183116711539035
200586134991629
138723889394596
258853999436927
195448252863741
107907566801486
226086774142136
29488630824190
211681696080429
200503411729867
227113090614425
221465229191647
265038071858013
66805895468241
57751347239539
118904097146963
269285821814705
277864210053714
100269875990545
16770459475391
232521399747416
69774859715786
221967754524210
175001233315132
242374485542060
146060948298786
217886345308777
90838974161283
268609873928912
241237190532262
102144283370666
61188857353332
80281512957227
227304759024871
33775073325769
250211545089913
225614987504764
199590248819570
238529112551610
135862569051908
148596114919692
143609601767810
226452703275350
21837458306816
31269489452588
238091406328226
209576523810112
203714593324438
268755447705712
96775004457286
253147751458372
202281522011085
86217892745167
166139424211731
50540500412293
110660277014026
6966689919886
229380112537592
149043759466182
105318753511347
74848156592624
116656701520739
163555666108501
247444750150949
170698456972315
207053977773113
72713674556512
194868338368438
275111309484385
22356097995656
190176493125790
33353712831700
145931054217534
17232939552040
174533819728820
59182530048490
65504382399574
154133509978624
234768444031861
84784732169143
146266610339317
14230826436611
221066451998319
92788831255082
268779576963137
256963491909114
258204000693168
273663014653084
45446013434268
56166442298258
117455405336416
33625489835666
46823430465012
114417920324612
279678607832506
13413709790362
38919014761956
64380215241316
109410101095094
10764768520669
4735735792262
212842796310600
47939631901978
239507709678360
105514352504024
166637618967647
81627812249830
54147751971476
70855294203906
225849854523736
179284855237344
254865941363538
68227040796215
220254424527278
155147311187088
184997985530185
160278295446894
85905854327670
27342926419488
99061318612907
276603022238814
168016641047880
781878451422
39218744419786
64094701033164
195075807402306
89096296052248
27079211379132
167007818758246
34832754947138
42411112247132
182632824648126
35610277035642
82915488926700
