-9223372035836090370	T = 18323, highest T = 
-4611686017276124595	T = 18046, highest T = 
1837360067		T = 18099, highest T = 
4611686020318826820	T = 18093, highest T = 18157
4611686024055892134 	T = 18253, highest T = 18820
-4611686011391539297 	T = 18547, highest T = 18701
---------------------------------
8801310188 (18064)
-4611686006827094340 (18214)
4611686030791779977 (18793), highest T = 19002
4611686030869444142 (18084)
-9223372022521904445 (18334)
4611686032837179118 (18861)
4611686033070255383 (18391)
4611686035084075443 (18240)
4611686036065828007 (18007)
-4611686000667098758 (18036)
18410272056 (18592)
-4611685999069336121 (18085)
4611686038121614403 (18040)
-9223372013930507695 (18171)
23009209394 (18350)
-4611685994333064605 (18048)
-9223372010230518572 (18459)
-9223372010214480537 (18187)
26967831999 (18468)
27138651525 (18132)
4611686048520321579 (18442), highest T = 18982
4611686049746628598 (18360)
-4611685986503314014 (18901), highest T = 19124
4611686051400603344 (18202)
33917400991 (18299)
-4611685984024279013 (18013)
-4611685982079734231 (18067)
4611686058284397383 (18322)
4611686061380322759 (18145), highest T = 19708 (-150, -670)
43342456110 (18189)
-4611685972260700412 (18297)
4611686066142296578 (18064)
49457935106 (18363)
49743195946 (18063)
4611686070084173067 (18687)
-4611685965883663213 (18011)
4611686071376101271 (19002), highest T = 19140
54534697097 (18273)
4611686075552951175 (18061)
-4611685959365125177 (18005)
60139659200 (19010), highest T = 19438
-9223371975894909378 (18127)
4611686083379386094 (18223)
-4611685950910819362 (19396), highest T = 19404
4611686086112532592 (18624)
4611686087759330379 (18194)
-9223371966950051353 (18181)
4611686090181320163 (18118)
4611686091258023741 (18751)
4611686091379187360 (18086)
4611686091615327324 (18161)
-4611685944963534217 (18385)
-4611685944961839112 (18338)
4611686092705755982 (18551)
-4611685943381881649 (18259)
-9223371960539814983 (18149)
-9223371959984086001 (18078)
77727871082 (18107)
80451997144 (18056)
-9223371954140260645 (18139)
-9223371953352387559 (18127)
-9223371951668834786 (18105)
85366328921 (18640)
4611686103706629592 (18219)
-4611685929882847053 (18102)
-4611685929777184397 (18138)
-9223371947039371900 (18145)
4611686110091410021 (18266)
4611686112292690417 (18105)
94379264441 (18125)
95598624972 (18069)
97755922835 (18294)
-9223371937816186882 (18085)
4611686118848888019 (18242)
4611686119142648927 (18196)
101611920458 (18267)
101924023555 (18419)
---------------------------------
110546880051 (18893)
-4611685907181829384 (18349)
4611686130876734724 (18336)
-9223371922599272631 (18126)
-4611685903993450222 (18385), highest T = 19735 (-675, 250)
-4611685899849144814 (18250)
4611686137133489202 (18219)
120340107114 (18146)
-4611685896059563803 (18075)
4611686142099055316 (18692)
124081761676 (18374)
-9223371908317006492 (18163)
129810214519 (18132)
-4611685887709156804 (18695)
4611686149805092424 (18073)
133450497509 (19181)
-4611685884266217252 (18224)
-4611685884126887194 (18532)
4611686153109899443 (18429)
4611686154353845554 (18095)
-4611685875477351787 (19435), highest T = 19999 (-225, -210)
143457778857 (18700)
-9223371886893161548 (18203)
-4611685864155357817 (18122)
155037348405 (18219)
155616679250 (18629)
4611686174577390731 (18108)
-9223371879895608747 (18249)
4611686183730789012 (18322)
168635960458 (18935)
172336655225 (18360)
174018859232 (18310)
-4611685842444059905 (18174)
4611686197467997794 (18051)
4611686200634640810 (18637)
-4611685835955576294 (18373)
-9223371849364648505 (18056)
-4611685829881851545 (18451)
4611686210244016902 (18509)
-4611685824051724073 (18018)
-9223371841417682145 (18408)
4611686215224963807 (18186)
-4611685818324754187 (18133)
-9223371833312822803 (18229)
4611686232693247586 (18276)
220183173691 (18419)
-4611685794320132268 (18420)
230999671477 (18188)
-4611685785827642827 (18122)
237332666550 (18203)
4611686256822499350 (18246)
-4611685779338896977 (18658)
4611686261271840737 (18212)
245283663102 (18041)
-9223371789726587454 (18042)
-4611685764965824622 (18302)
4611686272621450362 (18303)
254599114479 (18026)
-9223371780610552355 (18543)
4611686280188540030 (18043)
-9223371773777063811 (18739)
4611686282060583081 (18244)
265697898875 (18630)
-9223371764488977738 (18142)
-4611685742521607038 (18384)
-4611685737501410939 (18729)
4611686300936009728 (18382)
284945866343 (18352)
-4611685733168364577 (18196)
289180036629 (18156)
-4611685723804815998 (19055)
-9223371740728184822 (18248)
-4611685719015358741 (18935)
300899459779 (18310)
300991835744 (18099)
309511695552 (18069)
314778700772 (18340)
-4611685702540718512 (18418)
4611686339913153890 (18210)
-9223371709017492183 (18311)
329189998685 (18150)
329314577360 (18070)
330130284920 (19036)
339338112564 (18457)
-9223371694904553913 (18596)
-4611685670762237447 (18101)
347962750771 (18464)
-4611685669301641727 (18052)
4611686368567348092 (18174)
-9223371686695663481 (18154)
350329796406 (18116)
-4611685665476165849 (18015)
4611686374569052681 (18005)
-4611685659764570837 (18091)
4611686380443684556 (18221)
362025149919 (18064)
-9223371673165805782 (18313)
-9223371671277347444 (18308)
366580597487 (18630)
-9223371668133719681 (18063)
-4611685649363746941 (18041)
-9223371664953029393 (18366)
4611686395461501432 (18695)
-9223371659390933198 (18061)
4611686396258544818 (18362)
-4611685640552516413 (18408)
-9223371657374442625 (18246)
-4611685638423890565 (18054)
4611686400713390302 (18118)
4611686401070065230 (18719)
382858517638 (18051)
382878127973 (18706)
385667775167 (18133)
-4611685626160274618 (18118)
-9223371637487694704 (18080)
-9223371626268673181 (18703)
-4611685605471607469 (18066)
-9223371622004272462 (18074)
4611686436316299175 (18054)
-4611685598600276805 (18237)
4611686439099536884 (19048)
4611686440647886991 (18166)
-9223371609426743997 (18168)
431087420929 (18142)
-4611685585130181825 (18805)
-4611685581772576113 (19477), highest T = 19605
4611686456457744422 (18161)
-4611685577384104575 (18871)
441785260152 (18905)
4611686464714007190 (18004)
-4611685572090801666 (18598)
-9223371590167805543 (18414)
4611686465366696745 (18019)
-9223371589412174492 (18500)
4611686467907919227 (18279)
450131087744 (18143)
4611686469698432445 (18132)
4611686471782546674 (18349)
-4611685564808909286 (18992)
-9223371582738410009 (18240)
454705598384 (18979)
456697115143 (18066)
-9223371573859373455 (18174)
-4611685554376878233 (18776)
-4611685551991819322 (18461)
4611686485343012403 (18133)
466996851835 (18129)
-9223371569815268550 (18322)
470965715804 (18334)
-9223371564691777158 (18874)
-4611685545727192513 (18151)
-4611685545250259413 (18925)
477553029843 (18062)
-4611685540650136565 (18897)
478667303909 (18356)
4611686497304124001 (19631), highest T = 20790 (-435, -230)
-9223371554119508801 (18038)
-4611685535420488235 (18410)
-4611685535027771519 (18205)

484000000000

Least b-variance:
Temperature:
-9223372034172165135 (3.660226)
	(-28964582 -12459098): T = 19005
	(-5349252, 5688735) -> (,) (11.963915)
				(15690150, -5022798): ~29000 block tall high temperature
-4611686009853016340 (2.445639)
216019513609 (1.653931)

352000000000

Weirdness:
4611686135172198393 (0.087614)
-4611685608862040307 (0.086797)

912000000000

302094309		C = -19700
4611686018505563599	C = -19734
4611686019227932185	C = -20243, max -20827
-9223372032476494953	C = -19439
-4611686013969517930	C = -20252, max -20708
-9223372032392149117	C = -19927
4611686022985608484	C = -19544
4611686023466636978	C = -20499, max -20614
-4611686013034666463	C = -20302
-9223372031350201136	C = -19456
-9223372031099965660	C = -19712
4611686024707076923	C = -19651
-9223372030522612209	C = -19644
-9223372030004268505	C = -19738
4611686025391399380	C = -19676
-9223372029471860422	C = -19459
-4611686010915440059	C = -20052, max -20243

-9223372028894717904

-9223372036836012542	C = 18535

30213811

-9223372036828847632	W = -17330
4611686018542750440	W = -17483, y = -50
-9223372036734228207	W = -17566
4611686018583925685	W = -17755
159177179		W = -18075
418459680		W = -18076, y = -55
-9223372036411943172		    y = -51 (LB)

-9223372036316021091